0.005,0.01,0.015,0.02,0.025,0.03,0.035,0.04,0.045,0.05,0.055,0.06,0.065,0.07,0.075,0.08,0.085,0.09,0.095,0.1,0.105,0.11,0.115,0.12,0.125,0.13,0.135,0.14,0.145,0.15,0.155,0.16,0.165,0.17,0.175,0.18,0.185,0.19,0.195,0.2,0.205,0.21,0.215,0.22,0.225,0.23,0.235,0.24,0.245,0.25,0.255,0.26,0.265,0.27,0.275,0.28,0.285,0.29,0.295,0.3,0.305,0.31,0.315,0.32,0.325,0.33,0.335,0.34,0.345,0.35,0.355,0.36,0.365,0.37,0.375,0.38,0.385,0.39,0.395,0.4,0.405,0.41,0.415,0.42,0.425,0.43,0.435,0.44,0.445,0.45,0.455,0.46,0.465,0.47,0.475,0.48,0.485,0.49,0.495,0.5,0.505,0.51,0.515,0.52,0.525,0.53,0.535,0.54,0.545,0.55,0.555,0.56,0.565,0.57,0.575,0.58,0.585,0.59,0.595,0.6,0.605,0.61,0.615,0.62,0.625,0.63,0.635,0.64,0.645,0.65,0.655,0.66,0.665,0.67,0.675,0.68,0.685,0.69,0.695,0.7,0.705,0.71,0.715,0.72,0.725,0.73,0.735,0.74,0.745,0.75,0.755,0.76,0.765,0.77,0.775,0.78,0.785,0.79,0.795,0.8,0.805,0.81,0.815,0.82,0.825,0.83,0.835,0.84,0.845,0.85,0.855,0.86,0.865,0.87,0.875,0.88,0.885,0.89,0.895,0.9,0.905,0.91,0.915,0.92,0.925,0.93,0.935,0.94,0.945,0.95,0.955,0.96,0.965,0.97,0.975,0.98,0.985,0.99,0.995,1,
0.005,1.000000e+02,1.000000e+02,1.000000e+02,1.000000e+02,1.000000e+02,1.000000e+02,1.000000e+02,1.000000e+02,1.000000e+02,1.000000e+02,1.000000e+02,1.000000e+02,1.000000e+02,1.000000e+02,1.000000e+02,1.000000e+02,1.000000e+02,1.000000e+02,1.000000e+02,1.000000e+02,1.000000e+02,1.000000e+02,1.000000e+02,1.000000e+02,1.000000e+02,1.000000e+02,1.000000e+02,1.000000e+02,1.000000e+02,1.000000e+02,1.000000e+02,1.000000e+02,1.000000e+02,1.000000e+02,1.000000e+02,1.000000e+02,1.000000e+02,1.000000e+02,1.000000e+02,1.000000e+02,1.000000e+02,1.000000e+02,1.000000e+02,1.000000e+02,1.000000e+02,1.000000e+02,1.000000e+02,1.000000e+02,1.000000e+02,1.000000e+02,1.000000e+02,1.000000e+02,1.000000e+02,1.000000e+02,1.000000e+02,1.000000e+02,1.000000e+02,1.000000e+02,1.000000e+02,1.000000e+02,1.000000e+02,1.000000e+02,1.000000e+02,1.000000e+02,1.000000e+02,1.000000e+02,1.000000e+02,1.000000e+02,1.000000e+02,1.000000e+02,1.000000e+02,1.000000e+02,1.000000e+02,1.000000e+02,1.000000e+02,1.000000e+02,1.000000e+02,1.000000e+02,1.000000e+02,1.000000e+02,1.000000e+02,1.000000e+02,1.000000e+02,1.000000e+02,1.000000e+02,1.000000e+02,1.000000e+02,1.000000e+02,1.000000e+02,1.000000e+02,1.000000e+02,1.000000e+02,1.000000e+02,1.000000e+02,1.000000e+02,1.000000e+02,1.000000e+02,1.000000e+02,1.000000e+02,1.000000e+02,1.000000e+02,1.000000e+02,1.000000e+02,1.000000e+02,1.000000e+02,1.000000e+02,1.000000e+02,1.000000e+02,1.000000e+02,1.000000e+02,1.000000e+02,1.000000e+02,1.000000e+02,1.000000e+02,1.000000e+02,1.000000e+02,1.000000e+02,1.000000e+02,1.000000e+02,1.000000e+02,1.000000e+02,1.000000e+02,1.000000e+02,1.000000e+02,1.000000e+02,1.000000e+02,1.000000e+02,1.000000e+02,1.000000e+02,1.000000e+02,1.000000e+02,1.000000e+02,1.000000e+02,1.000000e+02,1.000000e+02,1.000000e+02,1.000000e+02,1.000000e+02,1.000000e+02,1.000000e+02,1.000000e+02,1.000000e+02,1.000000e+02,1.000000e+02,1.000000e+02,1.000000e+02,1.000000e+02,1.000000e+02,1.000000e+02,1.000000e+02,1.000000e+02,1.000000e+02,1.000000e+02,1.000000e+02,1.000000e+02,1.000000e+02,1.000000e+02,1.000000e+02,1.000000e+02,1.000000e+02,1.000000e+02,1.000000e+02,1.000000e+02,1.000000e+02,1.000000e+02,1.000000e+02,1.000000e+02,1.000000e+02,1.000000e+02,1.000000e+02,1.000000e+02,1.000000e+02,1.000000e+02,1.000000e+02,1.000000e+02,1.000000e+02,1.000000e+02,1.000000e+02,1.000000e+02,1.000000e+02,1.000000e+02,1.000000e+02,1.000000e+02,1.000000e+02,1.000000e+02,1.000000e+02,1.000000e+02,1.000000e+02,1.000000e+02,1.000000e+02,1.000000e+02,1.000000e+02,1.000000e+02,1.000000e+02,1.000000e+02,1.000000e+02,1.000000e+02,1.000000e+02,1.000000e+02,1.000000e+02,
0.01,1.000000e+02,1.000000e+02,1.000000e+02,1.000000e+02,1.000000e+02,1.000000e+02,1.000000e+02,1.000000e+02,1.000000e+02,1.000000e+02,1.000000e+02,1.000000e+02,1.000000e+02,1.000000e+02,1.000000e+02,1.000000e+02,1.000000e+02,1.000000e+02,1.000000e+02,1.000000e+02,1.000000e+02,1.000000e+02,1.000000e+02,1.000000e+02,1.000000e+02,1.000000e+02,1.000000e+02,1.000000e+02,1.000000e+02,1.000000e+02,1.000000e+02,1.000000e+02,1.000000e+02,1.000000e+02,1.000000e+02,1.000000e+02,1.000000e+02,1.000000e+02,1.000000e+02,1.000000e+02,1.000000e+02,1.000000e+02,1.000000e+02,1.000000e+02,1.000000e+02,1.000000e+02,1.000000e+02,1.000000e+02,1.000000e+02,1.000000e+02,1.000000e+02,1.000000e+02,1.000000e+02,1.000000e+02,1.000000e+02,1.000000e+02,1.000000e+02,1.000000e+02,1.000000e+02,1.000000e+02,1.000000e+02,1.000000e+02,1.000000e+02,1.000000e+02,1.000000e+02,1.000000e+02,1.000000e+02,1.000000e+02,1.000000e+02,1.000000e+02,1.000000e+02,1.000000e+02,1.000000e+02,1.000000e+02,1.000000e+02,1.000000e+02,1.000000e+02,1.000000e+02,1.000000e+02,1.000000e+02,1.000000e+02,1.000000e+02,1.000000e+02,1.000000e+02,1.000000e+02,1.000000e+02,1.000000e+02,1.000000e+02,1.000000e+02,1.000000e+02,1.000000e+02,1.000000e+02,1.000000e+02,1.000000e+02,1.000000e+02,1.000000e+02,1.000000e+02,1.000000e+02,1.000000e+02,1.000000e+02,1.000000e+02,1.000000e+02,1.000000e+02,1.000000e+02,1.000000e+02,1.000000e+02,1.000000e+02,1.000000e+02,1.000000e+02,1.000000e+02,1.000000e+02,1.000000e+02,1.000000e+02,1.000000e+02,1.000000e+02,1.000000e+02,1.000000e+02,1.000000e+02,1.000000e+02,1.000000e+02,1.000000e+02,1.000000e+02,1.000000e+02,1.000000e+02,1.000000e+02,1.000000e+02,1.000000e+02,1.000000e+02,1.000000e+02,1.000000e+02,1.000000e+02,1.000000e+02,1.000000e+02,1.000000e+02,1.000000e+02,1.000000e+02,1.000000e+02,1.000000e+02,1.000000e+02,1.000000e+02,1.000000e+02,1.000000e+02,1.000000e+02,1.000000e+02,1.000000e+02,1.000000e+02,1.000000e+02,1.000000e+02,1.000000e+02,1.000000e+02,1.000000e+02,1.000000e+02,1.000000e+02,1.000000e+02,1.000000e+02,1.000000e+02,1.000000e+02,1.000000e+02,1.000000e+02,1.000000e+02,1.000000e+02,1.000000e+02,1.000000e+02,1.000000e+02,1.000000e+02,1.000000e+02,1.000000e+02,1.000000e+02,1.000000e+02,1.000000e+02,1.000000e+02,1.000000e+02,1.000000e+02,1.000000e+02,1.000000e+02,1.000000e+02,1.000000e+02,1.000000e+02,1.000000e+02,1.000000e+02,1.000000e+02,1.000000e+02,1.000000e+02,1.000000e+02,1.000000e+02,1.000000e+02,1.000000e+02,1.000000e+02,1.000000e+02,1.000000e+02,1.000000e+02,1.000000e+02,1.000000e+02,1.000000e+02,1.000000e+02,1.000000e+02,1.000000e+02,1.000000e+02,1.000000e+02,1.000000e+02,
0.015,1.000000e+02,1.000000e+02,1.000000e+02,1.000000e+02,1.000000e+02,1.000000e+02,1.000000e+02,1.000000e+02,1.000000e+02,1.000000e+02,1.000000e+02,1.000000e+02,1.000000e+02,1.000000e+02,1.000000e+02,1.000000e+02,1.000000e+02,1.000000e+02,1.000000e+02,1.000000e+02,1.000000e+02,1.000000e+02,1.000000e+02,1.000000e+02,1.000000e+02,1.000000e+02,1.000000e+02,1.000000e+02,1.000000e+02,1.000000e+02,1.000000e+02,1.000000e+02,1.000000e+02,1.000000e+02,1.000000e+02,1.000000e+02,1.000000e+02,1.000000e+02,1.000000e+02,1.000000e+02,1.000000e+02,1.000000e+02,1.000000e+02,1.000000e+02,1.000000e+02,1.000000e+02,1.000000e+02,1.000000e+02,1.000000e+02,1.000000e+02,1.000000e+02,1.000000e+02,1.000000e+02,1.000000e+02,1.000000e+02,1.000000e+02,1.000000e+02,1.000000e+02,1.000000e+02,1.000000e+02,1.000000e+02,1.000000e+02,1.000000e+02,1.000000e+02,1.000000e+02,1.000000e+02,1.000000e+02,1.000000e+02,1.000000e+02,1.000000e+02,1.000000e+02,1.000000e+02,1.000000e+02,1.000000e+02,1.000000e+02,1.000000e+02,1.000000e+02,1.000000e+02,1.000000e+02,1.000000e+02,1.000000e+02,1.000000e+02,1.000000e+02,1.000000e+02,1.000000e+02,1.000000e+02,1.000000e+02,1.000000e+02,1.000000e+02,1.000000e+02,1.000000e+02,1.000000e+02,1.000000e+02,1.000000e+02,1.000000e+02,1.000000e+02,1.000000e+02,1.000000e+02,1.000000e+02,1.000000e+02,1.000000e+02,1.000000e+02,1.000000e+02,1.000000e+02,1.000000e+02,1.000000e+02,1.000000e+02,1.000000e+02,1.000000e+02,1.000000e+02,1.000000e+02,1.000000e+02,1.000000e+02,1.000000e+02,1.000000e+02,1.000000e+02,1.000000e+02,1.000000e+02,1.000000e+02,1.000000e+02,1.000000e+02,1.000000e+02,1.000000e+02,1.000000e+02,1.000000e+02,1.000000e+02,1.000000e+02,1.000000e+02,1.000000e+02,1.000000e+02,1.000000e+02,1.000000e+02,1.000000e+02,1.000000e+02,1.000000e+02,1.000000e+02,1.000000e+02,1.000000e+02,1.000000e+02,1.000000e+02,1.000000e+02,1.000000e+02,1.000000e+02,1.000000e+02,1.000000e+02,1.000000e+02,1.000000e+02,1.000000e+02,1.000000e+02,1.000000e+02,1.000000e+02,1.000000e+02,1.000000e+02,1.000000e+02,1.000000e+02,1.000000e+02,1.000000e+02,1.000000e+02,1.000000e+02,1.000000e+02,1.000000e+02,1.000000e+02,1.000000e+02,1.000000e+02,1.000000e+02,1.000000e+02,1.000000e+02,1.000000e+02,1.000000e+02,1.000000e+02,1.000000e+02,1.000000e+02,1.000000e+02,1.000000e+02,1.000000e+02,1.000000e+02,1.000000e+02,1.000000e+02,1.000000e+02,1.000000e+02,1.000000e+02,1.000000e+02,1.000000e+02,1.000000e+02,1.000000e+02,1.000000e+02,1.000000e+02,1.000000e+02,1.000000e+02,1.000000e+02,1.000000e+02,1.000000e+02,1.000000e+02,1.000000e+02,1.000000e+02,1.000000e+02,1.000000e+02,1.000000e+02,1.000000e+02,1.000000e+02,
0.02,1.000000e+02,1.000000e+02,1.000000e+02,1.000000e+02,1.000000e+02,1.000000e+02,1.000000e+02,1.000000e+02,1.000000e+02,1.000000e+02,1.000000e+02,1.000000e+02,1.000000e+02,1.000000e+02,1.000000e+02,1.000000e+02,1.000000e+02,1.000000e+02,1.000000e+02,1.000000e+02,1.000000e+02,1.000000e+02,1.000000e+02,1.000000e+02,1.000000e+02,1.000000e+02,1.000000e+02,1.000000e+02,1.000000e+02,1.000000e+02,1.000000e+02,1.000000e+02,1.000000e+02,1.000000e+02,1.000000e+02,1.000000e+02,1.000000e+02,1.000000e+02,1.000000e+02,1.000000e+02,1.000000e+02,1.000000e+02,1.000000e+02,1.000000e+02,1.000000e+02,1.000000e+02,1.000000e+02,1.000000e+02,1.000000e+02,1.000000e+02,1.000000e+02,1.000000e+02,1.000000e+02,1.000000e+02,1.000000e+02,1.000000e+02,1.000000e+02,1.000000e+02,1.000000e+02,1.000000e+02,1.000000e+02,1.000000e+02,1.000000e+02,1.000000e+02,1.000000e+02,1.000000e+02,1.000000e+02,1.000000e+02,1.000000e+02,1.000000e+02,1.000000e+02,1.000000e+02,1.000000e+02,1.000000e+02,1.000000e+02,1.000000e+02,1.000000e+02,1.000000e+02,1.000000e+02,1.000000e+02,1.000000e+02,1.000000e+02,1.000000e+02,1.000000e+02,1.000000e+02,1.000000e+02,1.000000e+02,1.000000e+02,1.000000e+02,1.000000e+02,1.000000e+02,1.000000e+02,1.000000e+02,1.000000e+02,1.000000e+02,1.000000e+02,1.000000e+02,1.000000e+02,1.000000e+02,1.000000e+02,1.000000e+02,1.000000e+02,1.000000e+02,1.000000e+02,1.000000e+02,1.000000e+02,1.000000e+02,1.000000e+02,1.000000e+02,1.000000e+02,1.000000e+02,1.000000e+02,1.000000e+02,1.000000e+02,1.000000e+02,1.000000e+02,1.000000e+02,1.000000e+02,1.000000e+02,1.000000e+02,1.000000e+02,1.000000e+02,1.000000e+02,1.000000e+02,1.000000e+02,1.000000e+02,1.000000e+02,1.000000e+02,1.000000e+02,1.000000e+02,1.000000e+02,1.000000e+02,1.000000e+02,1.000000e+02,1.000000e+02,1.000000e+02,1.000000e+02,1.000000e+02,1.000000e+02,1.000000e+02,1.000000e+02,1.000000e+02,1.000000e+02,1.000000e+02,1.000000e+02,1.000000e+02,1.000000e+02,1.000000e+02,1.000000e+02,1.000000e+02,1.000000e+02,1.000000e+02,1.000000e+02,1.000000e+02,1.000000e+02,1.000000e+02,1.000000e+02,1.000000e+02,1.000000e+02,1.000000e+02,1.000000e+02,1.000000e+02,1.000000e+02,1.000000e+02,1.000000e+02,1.000000e+02,1.000000e+02,1.000000e+02,1.000000e+02,1.000000e+02,1.000000e+02,1.000000e+02,1.000000e+02,1.000000e+02,1.000000e+02,1.000000e+02,1.000000e+02,1.000000e+02,1.000000e+02,1.000000e+02,1.000000e+02,1.000000e+02,1.000000e+02,1.000000e+02,1.000000e+02,1.000000e+02,1.000000e+02,1.000000e+02,1.000000e+02,1.000000e+02,1.000000e+02,1.000000e+02,1.000000e+02,1.000000e+02,1.000000e+02,1.000000e+02,1.000000e+02,1.000000e+02,1.000000e+02,1.000000e+02,
0.025,1.000000e+02,1.000000e+02,1.000000e+02,1.000000e+02,1.000000e+02,1.000000e+02,1.000000e+02,1.000000e+02,1.000000e+02,1.000000e+02,1.000000e+02,1.000000e+02,1.000000e+02,1.000000e+02,1.000000e+02,1.000000e+02,1.000000e+02,1.000000e+02,1.000000e+02,1.000000e+02,1.000000e+02,1.000000e+02,1.000000e+02,1.000000e+02,1.000000e+02,1.000000e+02,1.000000e+02,1.000000e+02,1.000000e+02,1.000000e+02,1.000000e+02,1.000000e+02,1.000000e+02,1.000000e+02,1.000000e+02,1.000000e+02,1.000000e+02,1.000000e+02,1.000000e+02,1.000000e+02,1.000000e+02,1.000000e+02,1.000000e+02,1.000000e+02,1.000000e+02,1.000000e+02,1.000000e+02,1.000000e+02,1.000000e+02,1.000000e+02,1.000000e+02,1.000000e+02,1.000000e+02,1.000000e+02,1.000000e+02,1.000000e+02,1.000000e+02,1.000000e+02,1.000000e+02,1.000000e+02,1.000000e+02,1.000000e+02,1.000000e+02,1.000000e+02,1.000000e+02,1.000000e+02,1.000000e+02,1.000000e+02,1.000000e+02,1.000000e+02,1.000000e+02,1.000000e+02,1.000000e+02,1.000000e+02,1.000000e+02,1.000000e+02,1.000000e+02,1.000000e+02,1.000000e+02,1.000000e+02,1.000000e+02,1.000000e+02,1.000000e+02,1.000000e+02,1.000000e+02,1.000000e+02,1.000000e+02,1.000000e+02,1.000000e+02,1.000000e+02,1.000000e+02,1.000000e+02,1.000000e+02,1.000000e+02,1.000000e+02,1.000000e+02,1.000000e+02,1.000000e+02,1.000000e+02,1.000000e+02,1.000000e+02,1.000000e+02,1.000000e+02,1.000000e+02,1.000000e+02,1.000000e+02,1.000000e+02,1.000000e+02,1.000000e+02,1.000000e+02,1.000000e+02,1.000000e+02,1.000000e+02,1.000000e+02,1.000000e+02,1.000000e+02,1.000000e+02,1.000000e+02,1.000000e+02,1.000000e+02,1.000000e+02,1.000000e+02,1.000000e+02,1.000000e+02,1.000000e+02,1.000000e+02,1.000000e+02,1.000000e+02,1.000000e+02,1.000000e+02,1.000000e+02,1.000000e+02,1.000000e+02,1.000000e+02,1.000000e+02,1.000000e+02,1.000000e+02,1.000000e+02,1.000000e+02,1.000000e+02,1.000000e+02,1.000000e+02,1.000000e+02,1.000000e+02,1.000000e+02,1.000000e+02,1.000000e+02,1.000000e+02,1.000000e+02,1.000000e+02,1.000000e+02,1.000000e+02,1.000000e+02,1.000000e+02,1.000000e+02,1.000000e+02,1.000000e+02,1.000000e+02,1.000000e+02,1.000000e+02,1.000000e+02,1.000000e+02,1.000000e+02,1.000000e+02,1.000000e+02,1.000000e+02,1.000000e+02,1.000000e+02,1.000000e+02,1.000000e+02,1.000000e+02,1.000000e+02,1.000000e+02,1.000000e+02,1.000000e+02,1.000000e+02,1.000000e+02,1.000000e+02,1.000000e+02,1.000000e+02,1.000000e+02,1.000000e+02,1.000000e+02,1.000000e+02,1.000000e+02,1.000000e+02,1.000000e+02,1.000000e+02,1.000000e+02,1.000000e+02,1.000000e+02,1.000000e+02,1.000000e+02,1.000000e+02,1.000000e+02,1.000000e+02,1.000000e+02,1.000000e+02,1.000000e+02,1.000000e+02,
0.03,1.000000e+02,1.000000e+02,1.000000e+02,1.000000e+02,1.000000e+02,1.000000e+02,1.000000e+02,1.000000e+02,1.000000e+02,1.000000e+02,1.000000e+02,1.000000e+02,1.000000e+02,1.000000e+02,1.000000e+02,1.000000e+02,1.000000e+02,1.000000e+02,1.000000e+02,1.000000e+02,1.000000e+02,1.000000e+02,1.000000e+02,1.000000e+02,1.000000e+02,1.000000e+02,1.000000e+02,1.000000e+02,1.000000e+02,1.000000e+02,1.000000e+02,1.000000e+02,1.000000e+02,1.000000e+02,1.000000e+02,1.000000e+02,1.000000e+02,1.000000e+02,1.000000e+02,1.000000e+02,1.000000e+02,1.000000e+02,1.000000e+02,1.000000e+02,1.000000e+02,1.000000e+02,1.000000e+02,1.000000e+02,1.000000e+02,1.000000e+02,1.000000e+02,1.000000e+02,1.000000e+02,1.000000e+02,1.000000e+02,1.000000e+02,1.000000e+02,1.000000e+02,1.000000e+02,1.000000e+02,1.000000e+02,1.000000e+02,1.000000e+02,1.000000e+02,1.000000e+02,1.000000e+02,1.000000e+02,1.000000e+02,1.000000e+02,1.000000e+02,1.000000e+02,1.000000e+02,1.000000e+02,1.000000e+02,1.000000e+02,1.000000e+02,1.000000e+02,1.000000e+02,1.000000e+02,1.000000e+02,1.000000e+02,1.000000e+02,1.000000e+02,1.000000e+02,1.000000e+02,1.000000e+02,1.000000e+02,1.000000e+02,1.000000e+02,1.000000e+02,1.000000e+02,1.000000e+02,1.000000e+02,1.000000e+02,1.000000e+02,1.000000e+02,1.000000e+02,1.000000e+02,1.000000e+02,1.000000e+02,1.000000e+02,1.000000e+02,1.000000e+02,1.000000e+02,1.000000e+02,1.000000e+02,1.000000e+02,1.000000e+02,1.000000e+02,1.000000e+02,1.000000e+02,1.000000e+02,1.000000e+02,1.000000e+02,1.000000e+02,1.000000e+02,1.000000e+02,1.000000e+02,1.000000e+02,1.000000e+02,1.000000e+02,1.000000e+02,1.000000e+02,1.000000e+02,1.000000e+02,1.000000e+02,1.000000e+02,1.000000e+02,1.000000e+02,1.000000e+02,1.000000e+02,1.000000e+02,1.000000e+02,1.000000e+02,1.000000e+02,1.000000e+02,1.000000e+02,1.000000e+02,1.000000e+02,1.000000e+02,1.000000e+02,1.000000e+02,1.000000e+02,1.000000e+02,1.000000e+02,1.000000e+02,1.000000e+02,1.000000e+02,1.000000e+02,1.000000e+02,1.000000e+02,1.000000e+02,1.000000e+02,1.000000e+02,1.000000e+02,1.000000e+02,1.000000e+02,1.000000e+02,1.000000e+02,1.000000e+02,1.000000e+02,1.000000e+02,1.000000e+02,1.000000e+02,1.000000e+02,1.000000e+02,1.000000e+02,1.000000e+02,1.000000e+02,1.000000e+02,1.000000e+02,1.000000e+02,1.000000e+02,1.000000e+02,1.000000e+02,1.000000e+02,1.000000e+02,1.000000e+02,1.000000e+02,1.000000e+02,1.000000e+02,1.000000e+02,1.000000e+02,1.000000e+02,1.000000e+02,1.000000e+02,1.000000e+02,1.000000e+02,1.000000e+02,1.000000e+02,1.000000e+02,1.000000e+02,1.000000e+02,1.000000e+02,1.000000e+02,1.000000e+02,1.000000e+02,1.000000e+02,1.000000e+02,1.000000e+02,
0.035,1.000000e+02,1.000000e+02,1.000000e+02,1.000000e+02,1.000000e+02,1.000000e+02,1.000000e+02,1.000000e+02,1.000000e+02,1.000000e+02,1.000000e+02,1.000000e+02,1.000000e+02,1.000000e+02,1.000000e+02,1.000000e+02,1.000000e+02,1.000000e+02,1.000000e+02,1.000000e+02,1.000000e+02,1.000000e+02,1.000000e+02,1.000000e+02,1.000000e+02,1.000000e+02,1.000000e+02,1.000000e+02,1.000000e+02,1.000000e+02,1.000000e+02,1.000000e+02,1.000000e+02,1.000000e+02,1.000000e+02,1.000000e+02,1.000000e+02,1.000000e+02,1.000000e+02,1.000000e+02,1.000000e+02,1.000000e+02,1.000000e+02,1.000000e+02,1.000000e+02,1.000000e+02,1.000000e+02,1.000000e+02,1.000000e+02,1.000000e+02,1.000000e+02,1.000000e+02,1.000000e+02,1.000000e+02,1.000000e+02,1.000000e+02,1.000000e+02,1.000000e+02,1.000000e+02,1.000000e+02,1.000000e+02,1.000000e+02,1.000000e+02,1.000000e+02,1.000000e+02,1.000000e+02,1.000000e+02,1.000000e+02,1.000000e+02,1.000000e+02,1.000000e+02,1.000000e+02,1.000000e+02,1.000000e+02,1.000000e+02,1.000000e+02,1.000000e+02,1.000000e+02,1.000000e+02,1.000000e+02,1.000000e+02,1.000000e+02,1.000000e+02,1.000000e+02,1.000000e+02,1.000000e+02,1.000000e+02,1.000000e+02,1.000000e+02,1.000000e+02,1.000000e+02,1.000000e+02,1.000000e+02,1.000000e+02,1.000000e+02,1.000000e+02,1.000000e+02,1.000000e+02,1.000000e+02,1.000000e+02,1.000000e+02,1.000000e+02,1.000000e+02,1.000000e+02,1.000000e+02,1.000000e+02,1.000000e+02,1.000000e+02,1.000000e+02,1.000000e+02,1.000000e+02,1.000000e+02,1.000000e+02,1.000000e+02,1.000000e+02,1.000000e+02,1.000000e+02,1.000000e+02,1.000000e+02,1.000000e+02,1.000000e+02,1.000000e+02,1.000000e+02,1.000000e+02,1.000000e+02,1.000000e+02,1.000000e+02,1.000000e+02,1.000000e+02,1.000000e+02,1.000000e+02,1.000000e+02,1.000000e+02,1.000000e+02,1.000000e+02,1.000000e+02,1.000000e+02,1.000000e+02,1.000000e+02,1.000000e+02,1.000000e+02,1.000000e+02,1.000000e+02,1.000000e+02,1.000000e+02,1.000000e+02,1.000000e+02,1.000000e+02,1.000000e+02,1.000000e+02,1.000000e+02,1.000000e+02,1.000000e+02,1.000000e+02,1.000000e+02,1.000000e+02,1.000000e+02,1.000000e+02,1.000000e+02,1.000000e+02,1.000000e+02,1.000000e+02,1.000000e+02,1.000000e+02,1.000000e+02,1.000000e+02,1.000000e+02,1.000000e+02,1.000000e+02,1.000000e+02,1.000000e+02,1.000000e+02,1.000000e+02,1.000000e+02,1.000000e+02,1.000000e+02,1.000000e+02,1.000000e+02,1.000000e+02,1.000000e+02,1.000000e+02,1.000000e+02,1.000000e+02,1.000000e+02,1.000000e+02,1.000000e+02,1.000000e+02,1.000000e+02,1.000000e+02,1.000000e+02,1.000000e+02,1.000000e+02,1.000000e+02,1.000000e+02,1.000000e+02,1.000000e+02,1.000000e+02,1.000000e+02,1.000000e+02,1.000000e+02,
0.04,1.000000e+02,1.000000e+02,1.000000e+02,1.000000e+02,1.000000e+02,1.000000e+02,1.000000e+02,1.000000e+02,1.000000e+02,1.000000e+02,1.000000e+02,1.000000e+02,1.000000e+02,1.000000e+02,1.000000e+02,1.000000e+02,1.000000e+02,1.000000e+02,1.000000e+02,1.000000e+02,1.000000e+02,1.000000e+02,1.000000e+02,1.000000e+02,1.000000e+02,1.000000e+02,1.000000e+02,1.000000e+02,1.000000e+02,1.000000e+02,1.000000e+02,1.000000e+02,1.000000e+02,1.000000e+02,1.000000e+02,1.000000e+02,1.000000e+02,1.000000e+02,1.000000e+02,1.000000e+02,1.000000e+02,1.000000e+02,1.000000e+02,1.000000e+02,1.000000e+02,1.000000e+02,1.000000e+02,1.000000e+02,1.000000e+02,1.000000e+02,1.000000e+02,1.000000e+02,1.000000e+02,1.000000e+02,1.000000e+02,1.000000e+02,1.000000e+02,1.000000e+02,1.000000e+02,1.000000e+02,1.000000e+02,1.000000e+02,1.000000e+02,1.000000e+02,1.000000e+02,1.000000e+02,1.000000e+02,1.000000e+02,1.000000e+02,1.000000e+02,1.000000e+02,1.000000e+02,1.000000e+02,1.000000e+02,1.000000e+02,1.000000e+02,1.000000e+02,1.000000e+02,1.000000e+02,1.000000e+02,1.000000e+02,1.000000e+02,1.000000e+02,1.000000e+02,1.000000e+02,1.000000e+02,1.000000e+02,1.000000e+02,1.000000e+02,1.000000e+02,1.000000e+02,1.000000e+02,1.000000e+02,1.000000e+02,1.000000e+02,1.000000e+02,1.000000e+02,1.000000e+02,1.000000e+02,1.000000e+02,1.000000e+02,1.000000e+02,1.000000e+02,1.000000e+02,1.000000e+02,1.000000e+02,1.000000e+02,1.000000e+02,1.000000e+02,1.000000e+02,1.000000e+02,1.000000e+02,1.000000e+02,1.000000e+02,1.000000e+02,1.000000e+02,1.000000e+02,1.000000e+02,1.000000e+02,1.000000e+02,1.000000e+02,1.000000e+02,1.000000e+02,1.000000e+02,1.000000e+02,1.000000e+02,1.000000e+02,1.000000e+02,1.000000e+02,1.000000e+02,1.000000e+02,1.000000e+02,1.000000e+02,1.000000e+02,1.000000e+02,1.000000e+02,1.000000e+02,1.000000e+02,1.000000e+02,1.000000e+02,1.000000e+02,1.000000e+02,1.000000e+02,1.000000e+02,1.000000e+02,1.000000e+02,1.000000e+02,1.000000e+02,1.000000e+02,1.000000e+02,1.000000e+02,1.000000e+02,1.000000e+02,1.000000e+02,1.000000e+02,1.000000e+02,1.000000e+02,1.000000e+02,1.000000e+02,1.000000e+02,1.000000e+02,1.000000e+02,1.000000e+02,1.000000e+02,1.000000e+02,1.000000e+02,1.000000e+02,1.000000e+02,1.000000e+02,1.000000e+02,1.000000e+02,1.000000e+02,1.000000e+02,1.000000e+02,1.000000e+02,1.000000e+02,1.000000e+02,1.000000e+02,1.000000e+02,1.000000e+02,1.000000e+02,1.000000e+02,1.000000e+02,1.000000e+02,1.000000e+02,1.000000e+02,1.000000e+02,1.000000e+02,1.000000e+02,1.000000e+02,1.000000e+02,1.000000e+02,1.000000e+02,1.000000e+02,1.000000e+02,1.000000e+02,1.000000e+02,1.000000e+02,1.000000e+02,1.000000e+02,
0.045,1.000000e+02,1.000000e+02,1.000000e+02,1.000000e+02,1.000000e+02,1.000000e+02,1.000000e+02,1.000000e+02,1.000000e+02,1.000000e+02,1.000000e+02,1.000000e+02,1.000000e+02,1.000000e+02,1.000000e+02,1.000000e+02,1.000000e+02,1.000000e+02,1.000000e+02,1.000000e+02,1.000000e+02,1.000000e+02,1.000000e+02,1.000000e+02,1.000000e+02,1.000000e+02,1.000000e+02,1.000000e+02,1.000000e+02,1.000000e+02,1.000000e+02,1.000000e+02,1.000000e+02,1.000000e+02,1.000000e+02,1.000000e+02,1.000000e+02,1.000000e+02,1.000000e+02,1.000000e+02,1.000000e+02,1.000000e+02,1.000000e+02,1.000000e+02,1.000000e+02,1.000000e+02,1.000000e+02,1.000000e+02,1.000000e+02,1.000000e+02,1.000000e+02,1.000000e+02,1.000000e+02,1.000000e+02,1.000000e+02,1.000000e+02,1.000000e+02,1.000000e+02,1.000000e+02,1.000000e+02,1.000000e+02,1.000000e+02,1.000000e+02,1.000000e+02,1.000000e+02,1.000000e+02,1.000000e+02,1.000000e+02,1.000000e+02,1.000000e+02,1.000000e+02,1.000000e+02,1.000000e+02,1.000000e+02,1.000000e+02,1.000000e+02,1.000000e+02,1.000000e+02,1.000000e+02,1.000000e+02,1.000000e+02,1.000000e+02,1.000000e+02,1.000000e+02,1.000000e+02,1.000000e+02,1.000000e+02,1.000000e+02,1.000000e+02,1.000000e+02,1.000000e+02,1.000000e+02,1.000000e+02,1.000000e+02,1.000000e+02,1.000000e+02,1.000000e+02,1.000000e+02,1.000000e+02,1.000000e+02,1.000000e+02,1.000000e+02,1.000000e+02,1.000000e+02,1.000000e+02,1.000000e+02,1.000000e+02,1.000000e+02,1.000000e+02,1.000000e+02,1.000000e+02,1.000000e+02,1.000000e+02,1.000000e+02,1.000000e+02,1.000000e+02,1.000000e+02,1.000000e+02,1.000000e+02,1.000000e+02,1.000000e+02,1.000000e+02,1.000000e+02,1.000000e+02,1.000000e+02,1.000000e+02,1.000000e+02,1.000000e+02,1.000000e+02,1.000000e+02,1.000000e+02,1.000000e+02,1.000000e+02,1.000000e+02,1.000000e+02,1.000000e+02,1.000000e+02,1.000000e+02,1.000000e+02,1.000000e+02,1.000000e+02,1.000000e+02,1.000000e+02,1.000000e+02,1.000000e+02,1.000000e+02,1.000000e+02,1.000000e+02,1.000000e+02,1.000000e+02,1.000000e+02,1.000000e+02,1.000000e+02,1.000000e+02,1.000000e+02,1.000000e+02,1.000000e+02,1.000000e+02,1.000000e+02,1.000000e+02,1.000000e+02,1.000000e+02,1.000000e+02,1.000000e+02,1.000000e+02,1.000000e+02,1.000000e+02,1.000000e+02,1.000000e+02,1.000000e+02,1.000000e+02,1.000000e+02,1.000000e+02,1.000000e+02,1.000000e+02,1.000000e+02,1.000000e+02,1.000000e+02,1.000000e+02,1.000000e+02,1.000000e+02,1.000000e+02,1.000000e+02,1.000000e+02,1.000000e+02,1.000000e+02,1.000000e+02,1.000000e+02,1.000000e+02,1.000000e+02,1.000000e+02,1.000000e+02,1.000000e+02,1.000000e+02,1.000000e+02,1.000000e+02,1.000000e+02,1.000000e+02,1.000000e+02,1.000000e+02,
0.05,1.000000e+02,1.000000e+02,1.000000e+02,1.000000e+02,1.000000e+02,1.000000e+02,1.000000e+02,1.000000e+02,1.000000e+02,1.000000e+02,1.000000e+02,1.000000e+02,1.000000e+02,1.000000e+02,1.000000e+02,1.000000e+02,1.000000e+02,1.000000e+02,1.000000e+02,1.000000e+02,1.000000e+02,1.000000e+02,1.000000e+02,1.000000e+02,1.000000e+02,1.000000e+02,1.000000e+02,1.000000e+02,1.000000e+02,1.000000e+02,1.000000e+02,1.000000e+02,1.000000e+02,1.000000e+02,1.000000e+02,1.000000e+02,1.000000e+02,1.000000e+02,1.000000e+02,1.000000e+02,1.000000e+02,1.000000e+02,1.000000e+02,1.000000e+02,1.000000e+02,1.000000e+02,1.000000e+02,1.000000e+02,1.000000e+02,1.000000e+02,1.000000e+02,1.000000e+02,1.000000e+02,1.000000e+02,1.000000e+02,1.000000e+02,1.000000e+02,1.000000e+02,1.000000e+02,1.000000e+02,1.000000e+02,1.000000e+02,1.000000e+02,1.000000e+02,1.000000e+02,1.000000e+02,1.000000e+02,1.000000e+02,1.000000e+02,1.000000e+02,1.000000e+02,1.000000e+02,1.000000e+02,1.000000e+02,1.000000e+02,1.000000e+02,1.000000e+02,1.000000e+02,1.000000e+02,1.000000e+02,1.000000e+02,1.000000e+02,1.000000e+02,1.000000e+02,1.000000e+02,1.000000e+02,1.000000e+02,1.000000e+02,1.000000e+02,1.000000e+02,1.000000e+02,1.000000e+02,1.000000e+02,1.000000e+02,1.000000e+02,1.000000e+02,1.000000e+02,1.000000e+02,1.000000e+02,1.000000e+02,1.000000e+02,1.000000e+02,1.000000e+02,1.000000e+02,1.000000e+02,1.000000e+02,1.000000e+02,1.000000e+02,1.000000e+02,1.000000e+02,1.000000e+02,1.000000e+02,1.000000e+02,1.000000e+02,1.000000e+02,1.000000e+02,1.000000e+02,1.000000e+02,1.000000e+02,1.000000e+02,1.000000e+02,1.000000e+02,1.000000e+02,1.000000e+02,1.000000e+02,1.000000e+02,1.000000e+02,1.000000e+02,1.000000e+02,1.000000e+02,1.000000e+02,1.000000e+02,1.000000e+02,1.000000e+02,1.000000e+02,1.000000e+02,1.000000e+02,1.000000e+02,1.000000e+02,1.000000e+02,1.000000e+02,1.000000e+02,1.000000e+02,1.000000e+02,1.000000e+02,1.000000e+02,1.000000e+02,1.000000e+02,1.000000e+02,1.000000e+02,1.000000e+02,1.000000e+02,1.000000e+02,1.000000e+02,1.000000e+02,1.000000e+02,1.000000e+02,1.000000e+02,1.000000e+02,1.000000e+02,1.000000e+02,1.000000e+02,1.000000e+02,1.000000e+02,1.000000e+02,1.000000e+02,1.000000e+02,1.000000e+02,1.000000e+02,1.000000e+02,1.000000e+02,1.000000e+02,1.000000e+02,1.000000e+02,1.000000e+02,1.000000e+02,1.000000e+02,1.000000e+02,1.000000e+02,1.000000e+02,1.000000e+02,1.000000e+02,1.000000e+02,1.000000e+02,1.000000e+02,1.000000e+02,1.000000e+02,1.000000e+02,1.000000e+02,1.000000e+02,1.000000e+02,1.000000e+02,1.000000e+02,1.000000e+02,1.000000e+02,1.000000e+02,1.000000e+02,1.000000e+02,1.000000e+02,1.000000e+02,
0.055,1.000000e+02,1.000000e+02,1.000000e+02,1.000000e+02,1.000000e+02,1.000000e+02,1.000000e+02,1.000000e+02,1.000000e+02,1.000000e+02,1.000000e+02,1.000000e+02,1.000000e+02,1.000000e+02,1.000000e+02,1.000000e+02,1.000000e+02,1.000000e+02,1.000000e+02,1.000000e+02,1.000000e+02,1.000000e+02,1.000000e+02,1.000000e+02,1.000000e+02,1.000000e+02,1.000000e+02,1.000000e+02,1.000000e+02,1.000000e+02,1.000000e+02,1.000000e+02,1.000000e+02,1.000000e+02,1.000000e+02,1.000000e+02,1.000000e+02,1.000000e+02,1.000000e+02,1.000000e+02,1.000000e+02,1.000000e+02,1.000000e+02,1.000000e+02,1.000000e+02,1.000000e+02,1.000000e+02,1.000000e+02,1.000000e+02,1.000000e+02,1.000000e+02,1.000000e+02,1.000000e+02,1.000000e+02,1.000000e+02,1.000000e+02,1.000000e+02,1.000000e+02,1.000000e+02,1.000000e+02,1.000000e+02,1.000000e+02,1.000000e+02,1.000000e+02,1.000000e+02,1.000000e+02,1.000000e+02,1.000000e+02,1.000000e+02,1.000000e+02,1.000000e+02,1.000000e+02,1.000000e+02,1.000000e+02,1.000000e+02,1.000000e+02,1.000000e+02,1.000000e+02,1.000000e+02,1.000000e+02,1.000000e+02,1.000000e+02,1.000000e+02,1.000000e+02,1.000000e+02,1.000000e+02,1.000000e+02,1.000000e+02,1.000000e+02,1.000000e+02,1.000000e+02,1.000000e+02,1.000000e+02,1.000000e+02,1.000000e+02,1.000000e+02,1.000000e+02,1.000000e+02,1.000000e+02,1.000000e+02,1.000000e+02,1.000000e+02,1.000000e+02,1.000000e+02,1.000000e+02,1.000000e+02,1.000000e+02,1.000000e+02,1.000000e+02,1.000000e+02,1.000000e+02,1.000000e+02,1.000000e+02,1.000000e+02,1.000000e+02,1.000000e+02,1.000000e+02,1.000000e+02,1.000000e+02,1.000000e+02,1.000000e+02,1.000000e+02,1.000000e+02,1.000000e+02,1.000000e+02,1.000000e+02,1.000000e+02,1.000000e+02,1.000000e+02,1.000000e+02,1.000000e+02,1.000000e+02,1.000000e+02,1.000000e+02,1.000000e+02,1.000000e+02,1.000000e+02,1.000000e+02,1.000000e+02,1.000000e+02,1.000000e+02,1.000000e+02,1.000000e+02,1.000000e+02,1.000000e+02,1.000000e+02,1.000000e+02,1.000000e+02,1.000000e+02,1.000000e+02,1.000000e+02,1.000000e+02,1.000000e+02,1.000000e+02,1.000000e+02,1.000000e+02,1.000000e+02,1.000000e+02,1.000000e+02,1.000000e+02,1.000000e+02,1.000000e+02,1.000000e+02,1.000000e+02,1.000000e+02,1.000000e+02,1.000000e+02,1.000000e+02,1.000000e+02,1.000000e+02,1.000000e+02,1.000000e+02,1.000000e+02,1.000000e+02,1.000000e+02,1.000000e+02,1.000000e+02,1.000000e+02,1.000000e+02,1.000000e+02,1.000000e+02,1.000000e+02,1.000000e+02,1.000000e+02,1.000000e+02,1.000000e+02,1.000000e+02,1.000000e+02,1.000000e+02,1.000000e+02,1.000000e+02,1.000000e+02,1.000000e+02,1.000000e+02,1.000000e+02,1.000000e+02,1.000000e+02,1.000000e+02,1.000000e+02,1.000000e+02,
0.06,1.000000e+02,1.000000e+02,1.000000e+02,1.000000e+02,1.000000e+02,1.000000e+02,1.000000e+02,1.000000e+02,1.000000e+02,1.000000e+02,1.000000e+02,1.000000e+02,1.000000e+02,1.000000e+02,1.000000e+02,1.000000e+02,1.000000e+02,1.000000e+02,1.000000e+02,1.000000e+02,1.000000e+02,1.000000e+02,1.000000e+02,1.000000e+02,1.000000e+02,1.000000e+02,1.000000e+02,1.000000e+02,1.000000e+02,1.000000e+02,1.000000e+02,1.000000e+02,1.000000e+02,1.000000e+02,1.000000e+02,1.000000e+02,1.000000e+02,1.000000e+02,1.000000e+02,1.000000e+02,1.000000e+02,1.000000e+02,1.000000e+02,1.000000e+02,1.000000e+02,1.000000e+02,1.000000e+02,1.000000e+02,1.000000e+02,1.000000e+02,1.000000e+02,1.000000e+02,1.000000e+02,1.000000e+02,1.000000e+02,1.000000e+02,1.000000e+02,1.000000e+02,1.000000e+02,1.000000e+02,1.000000e+02,1.000000e+02,1.000000e+02,1.000000e+02,1.000000e+02,1.000000e+02,1.000000e+02,1.000000e+02,1.000000e+02,1.000000e+02,1.000000e+02,1.000000e+02,1.000000e+02,1.000000e+02,1.000000e+02,1.000000e+02,1.000000e+02,1.000000e+02,1.000000e+02,1.000000e+02,1.000000e+02,1.000000e+02,1.000000e+02,1.000000e+02,1.000000e+02,1.000000e+02,1.000000e+02,1.000000e+02,1.000000e+02,1.000000e+02,1.000000e+02,1.000000e+02,1.000000e+02,1.000000e+02,1.000000e+02,1.000000e+02,1.000000e+02,1.000000e+02,1.000000e+02,1.000000e+02,1.000000e+02,1.000000e+02,1.000000e+02,1.000000e+02,1.000000e+02,1.000000e+02,1.000000e+02,1.000000e+02,1.000000e+02,1.000000e+02,1.000000e+02,1.000000e+02,1.000000e+02,1.000000e+02,1.000000e+02,1.000000e+02,1.000000e+02,1.000000e+02,1.000000e+02,1.000000e+02,1.000000e+02,1.000000e+02,1.000000e+02,1.000000e+02,1.000000e+02,1.000000e+02,1.000000e+02,1.000000e+02,1.000000e+02,1.000000e+02,1.000000e+02,1.000000e+02,1.000000e+02,1.000000e+02,1.000000e+02,1.000000e+02,1.000000e+02,1.000000e+02,1.000000e+02,1.000000e+02,1.000000e+02,1.000000e+02,1.000000e+02,1.000000e+02,1.000000e+02,1.000000e+02,1.000000e+02,1.000000e+02,1.000000e+02,1.000000e+02,1.000000e+02,1.000000e+02,1.000000e+02,1.000000e+02,1.000000e+02,1.000000e+02,1.000000e+02,1.000000e+02,1.000000e+02,1.000000e+02,1.000000e+02,1.000000e+02,1.000000e+02,1.000000e+02,1.000000e+02,1.000000e+02,1.000000e+02,1.000000e+02,1.000000e+02,1.000000e+02,1.000000e+02,1.000000e+02,1.000000e+02,1.000000e+02,1.000000e+02,1.000000e+02,1.000000e+02,1.000000e+02,1.000000e+02,1.000000e+02,1.000000e+02,1.000000e+02,1.000000e+02,1.000000e+02,1.000000e+02,1.000000e+02,1.000000e+02,1.000000e+02,1.000000e+02,1.000000e+02,1.000000e+02,1.000000e+02,1.000000e+02,1.000000e+02,1.000000e+02,1.000000e+02,1.000000e+02,1.000000e+02,1.000000e+02,1.000000e+02,
0.065,1.000000e+02,1.000000e+02,1.000000e+02,1.000000e+02,1.000000e+02,1.000000e+02,1.000000e+02,1.000000e+02,1.000000e+02,1.000000e+02,1.000000e+02,1.000000e+02,1.000000e+02,1.000000e+02,1.000000e+02,1.000000e+02,1.000000e+02,1.000000e+02,1.000000e+02,1.000000e+02,1.000000e+02,1.000000e+02,1.000000e+02,1.000000e+02,1.000000e+02,1.000000e+02,1.000000e+02,1.000000e+02,1.000000e+02,1.000000e+02,1.000000e+02,1.000000e+02,1.000000e+02,1.000000e+02,1.000000e+02,1.000000e+02,1.000000e+02,1.000000e+02,1.000000e+02,1.000000e+02,1.000000e+02,1.000000e+02,1.000000e+02,1.000000e+02,1.000000e+02,1.000000e+02,1.000000e+02,1.000000e+02,1.000000e+02,1.000000e+02,1.000000e+02,1.000000e+02,1.000000e+02,1.000000e+02,1.000000e+02,1.000000e+02,1.000000e+02,1.000000e+02,1.000000e+02,1.000000e+02,1.000000e+02,1.000000e+02,1.000000e+02,1.000000e+02,1.000000e+02,1.000000e+02,1.000000e+02,1.000000e+02,1.000000e+02,1.000000e+02,1.000000e+02,1.000000e+02,1.000000e+02,1.000000e+02,1.000000e+02,1.000000e+02,1.000000e+02,1.000000e+02,1.000000e+02,1.000000e+02,1.000000e+02,1.000000e+02,1.000000e+02,1.000000e+02,1.000000e+02,1.000000e+02,1.000000e+02,1.000000e+02,1.000000e+02,1.000000e+02,1.000000e+02,1.000000e+02,1.000000e+02,1.000000e+02,1.000000e+02,1.000000e+02,1.000000e+02,1.000000e+02,1.000000e+02,1.000000e+02,1.000000e+02,1.000000e+02,1.000000e+02,1.000000e+02,1.000000e+02,1.000000e+02,1.000000e+02,1.000000e+02,1.000000e+02,1.000000e+02,1.000000e+02,1.000000e+02,1.000000e+02,1.000000e+02,1.000000e+02,1.000000e+02,1.000000e+02,1.000000e+02,1.000000e+02,1.000000e+02,1.000000e+02,1.000000e+02,1.000000e+02,1.000000e+02,1.000000e+02,1.000000e+02,1.000000e+02,1.000000e+02,1.000000e+02,1.000000e+02,1.000000e+02,1.000000e+02,1.000000e+02,1.000000e+02,1.000000e+02,1.000000e+02,1.000000e+02,1.000000e+02,1.000000e+02,1.000000e+02,1.000000e+02,1.000000e+02,1.000000e+02,1.000000e+02,1.000000e+02,1.000000e+02,1.000000e+02,1.000000e+02,1.000000e+02,1.000000e+02,1.000000e+02,1.000000e+02,1.000000e+02,1.000000e+02,1.000000e+02,1.000000e+02,1.000000e+02,1.000000e+02,1.000000e+02,1.000000e+02,1.000000e+02,1.000000e+02,1.000000e+02,1.000000e+02,1.000000e+02,1.000000e+02,1.000000e+02,1.000000e+02,1.000000e+02,1.000000e+02,1.000000e+02,1.000000e+02,1.000000e+02,1.000000e+02,1.000000e+02,1.000000e+02,1.000000e+02,1.000000e+02,1.000000e+02,1.000000e+02,1.000000e+02,1.000000e+02,1.000000e+02,1.000000e+02,1.000000e+02,1.000000e+02,1.000000e+02,1.000000e+02,1.000000e+02,1.000000e+02,1.000000e+02,1.000000e+02,1.000000e+02,1.000000e+02,1.000000e+02,1.000000e+02,1.000000e+02,1.000000e+02,1.000000e+02,1.000000e+02,
0.07,1.000000e+02,1.000000e+02,1.000000e+02,1.000000e+02,1.000000e+02,1.000000e+02,1.000000e+02,1.000000e+02,1.000000e+02,1.000000e+02,1.000000e+02,1.000000e+02,1.000000e+02,1.000000e+02,1.000000e+02,1.000000e+02,1.000000e+02,1.000000e+02,1.000000e+02,1.000000e+02,1.000000e+02,1.000000e+02,1.000000e+02,1.000000e+02,1.000000e+02,1.000000e+02,1.000000e+02,1.000000e+02,1.000000e+02,1.000000e+02,1.000000e+02,1.000000e+02,1.000000e+02,1.000000e+02,1.000000e+02,1.000000e+02,1.000000e+02,1.000000e+02,1.000000e+02,1.000000e+02,1.000000e+02,1.000000e+02,1.000000e+02,1.000000e+02,1.000000e+02,1.000000e+02,1.000000e+02,1.000000e+02,1.000000e+02,1.000000e+02,1.000000e+02,1.000000e+02,1.000000e+02,1.000000e+02,1.000000e+02,1.000000e+02,1.000000e+02,1.000000e+02,1.000000e+02,1.000000e+02,1.000000e+02,1.000000e+02,1.000000e+02,1.000000e+02,1.000000e+02,1.000000e+02,1.000000e+02,1.000000e+02,1.000000e+02,1.000000e+02,1.000000e+02,1.000000e+02,1.000000e+02,1.000000e+02,1.000000e+02,1.000000e+02,1.000000e+02,1.000000e+02,1.000000e+02,1.000000e+02,1.000000e+02,1.000000e+02,1.000000e+02,1.000000e+02,1.000000e+02,1.000000e+02,1.000000e+02,1.000000e+02,1.000000e+02,1.000000e+02,1.000000e+02,1.000000e+02,1.000000e+02,1.000000e+02,1.000000e+02,1.000000e+02,1.000000e+02,1.000000e+02,1.000000e+02,1.000000e+02,1.000000e+02,1.000000e+02,1.000000e+02,1.000000e+02,1.000000e+02,1.000000e+02,1.000000e+02,1.000000e+02,1.000000e+02,1.000000e+02,1.000000e+02,1.000000e+02,1.000000e+02,1.000000e+02,1.000000e+02,1.000000e+02,1.000000e+02,1.000000e+02,1.000000e+02,1.000000e+02,1.000000e+02,1.000000e+02,1.000000e+02,1.000000e+02,1.000000e+02,1.000000e+02,1.000000e+02,1.000000e+02,1.000000e+02,1.000000e+02,1.000000e+02,1.000000e+02,1.000000e+02,1.000000e+02,1.000000e+02,1.000000e+02,1.000000e+02,1.000000e+02,1.000000e+02,1.000000e+02,1.000000e+02,1.000000e+02,1.000000e+02,1.000000e+02,1.000000e+02,1.000000e+02,1.000000e+02,1.000000e+02,1.000000e+02,1.000000e+02,1.000000e+02,1.000000e+02,1.000000e+02,1.000000e+02,1.000000e+02,1.000000e+02,1.000000e+02,1.000000e+02,1.000000e+02,1.000000e+02,1.000000e+02,1.000000e+02,1.000000e+02,1.000000e+02,1.000000e+02,1.000000e+02,1.000000e+02,1.000000e+02,1.000000e+02,1.000000e+02,1.000000e+02,1.000000e+02,1.000000e+02,1.000000e+02,1.000000e+02,1.000000e+02,1.000000e+02,1.000000e+02,1.000000e+02,1.000000e+02,1.000000e+02,1.000000e+02,1.000000e+02,1.000000e+02,1.000000e+02,1.000000e+02,1.000000e+02,1.000000e+02,1.000000e+02,1.000000e+02,1.000000e+02,1.000000e+02,1.000000e+02,1.000000e+02,1.000000e+02,1.000000e+02,1.000000e+02,1.000000e+02,1.000000e+02,1.000000e+02,
0.075,1.000000e+02,1.000000e+02,1.000000e+02,1.000000e+02,1.000000e+02,1.000000e+02,1.000000e+02,1.000000e+02,1.000000e+02,1.000000e+02,1.000000e+02,1.000000e+02,1.000000e+02,1.000000e+02,1.000000e+02,1.000000e+02,1.000000e+02,1.000000e+02,1.000000e+02,1.000000e+02,1.000000e+02,1.000000e+02,1.000000e+02,1.000000e+02,1.000000e+02,1.000000e+02,1.000000e+02,1.000000e+02,1.000000e+02,1.000000e+02,1.000000e+02,1.000000e+02,1.000000e+02,1.000000e+02,1.000000e+02,1.000000e+02,1.000000e+02,1.000000e+02,1.000000e+02,1.000000e+02,1.000000e+02,1.000000e+02,1.000000e+02,1.000000e+02,1.000000e+02,1.000000e+02,1.000000e+02,1.000000e+02,1.000000e+02,1.000000e+02,1.000000e+02,1.000000e+02,1.000000e+02,1.000000e+02,1.000000e+02,1.000000e+02,1.000000e+02,1.000000e+02,1.000000e+02,1.000000e+02,1.000000e+02,1.000000e+02,1.000000e+02,1.000000e+02,1.000000e+02,1.000000e+02,1.000000e+02,1.000000e+02,1.000000e+02,1.000000e+02,1.000000e+02,1.000000e+02,1.000000e+02,1.000000e+02,1.000000e+02,1.000000e+02,1.000000e+02,1.000000e+02,1.000000e+02,1.000000e+02,1.000000e+02,1.000000e+02,1.000000e+02,1.000000e+02,1.000000e+02,1.000000e+02,1.000000e+02,1.000000e+02,1.000000e+02,1.000000e+02,1.000000e+02,1.000000e+02,1.000000e+02,1.000000e+02,1.000000e+02,1.000000e+02,1.000000e+02,1.000000e+02,1.000000e+02,1.000000e+02,1.000000e+02,1.000000e+02,1.000000e+02,1.000000e+02,1.000000e+02,1.000000e+02,1.000000e+02,1.000000e+02,1.000000e+02,1.000000e+02,1.000000e+02,1.000000e+02,1.000000e+02,1.000000e+02,1.000000e+02,1.000000e+02,1.000000e+02,1.000000e+02,1.000000e+02,1.000000e+02,1.000000e+02,1.000000e+02,1.000000e+02,1.000000e+02,1.000000e+02,1.000000e+02,1.000000e+02,1.000000e+02,1.000000e+02,1.000000e+02,1.000000e+02,1.000000e+02,1.000000e+02,1.000000e+02,1.000000e+02,1.000000e+02,1.000000e+02,1.000000e+02,1.000000e+02,1.000000e+02,1.000000e+02,1.000000e+02,1.000000e+02,1.000000e+02,1.000000e+02,1.000000e+02,1.000000e+02,1.000000e+02,1.000000e+02,1.000000e+02,1.000000e+02,1.000000e+02,1.000000e+02,1.000000e+02,1.000000e+02,1.000000e+02,1.000000e+02,1.000000e+02,1.000000e+02,1.000000e+02,1.000000e+02,1.000000e+02,1.000000e+02,1.000000e+02,1.000000e+02,1.000000e+02,1.000000e+02,1.000000e+02,1.000000e+02,1.000000e+02,1.000000e+02,1.000000e+02,1.000000e+02,1.000000e+02,1.000000e+02,1.000000e+02,1.000000e+02,1.000000e+02,1.000000e+02,1.000000e+02,1.000000e+02,1.000000e+02,1.000000e+02,1.000000e+02,1.000000e+02,1.000000e+02,1.000000e+02,1.000000e+02,1.000000e+02,1.000000e+02,1.000000e+02,1.000000e+02,1.000000e+02,1.000000e+02,1.000000e+02,1.000000e+02,1.000000e+02,1.000000e+02,1.000000e+02,1.000000e+02,
0.08,1.000000e+02,1.000000e+02,1.000000e+02,1.000000e+02,1.000000e+02,1.000000e+02,1.000000e+02,1.000000e+02,1.000000e+02,1.000000e+02,1.000000e+02,1.000000e+02,1.000000e+02,1.000000e+02,1.000000e+02,1.000000e+02,1.000000e+02,1.000000e+02,1.000000e+02,1.000000e+02,1.000000e+02,1.000000e+02,1.000000e+02,1.000000e+02,1.000000e+02,1.000000e+02,1.000000e+02,1.000000e+02,1.000000e+02,1.000000e+02,1.000000e+02,1.000000e+02,1.000000e+02,1.000000e+02,1.000000e+02,1.000000e+02,1.000000e+02,1.000000e+02,1.000000e+02,1.000000e+02,1.000000e+02,1.000000e+02,1.000000e+02,1.000000e+02,1.000000e+02,1.000000e+02,1.000000e+02,1.000000e+02,1.000000e+02,1.000000e+02,1.000000e+02,1.000000e+02,1.000000e+02,1.000000e+02,1.000000e+02,1.000000e+02,1.000000e+02,1.000000e+02,1.000000e+02,1.000000e+02,1.000000e+02,1.000000e+02,1.000000e+02,1.000000e+02,1.000000e+02,1.000000e+02,1.000000e+02,1.000000e+02,1.000000e+02,1.000000e+02,1.000000e+02,1.000000e+02,1.000000e+02,1.000000e+02,1.000000e+02,1.000000e+02,1.000000e+02,1.000000e+02,1.000000e+02,1.000000e+02,1.000000e+02,1.000000e+02,1.000000e+02,1.000000e+02,1.000000e+02,1.000000e+02,1.000000e+02,1.000000e+02,1.000000e+02,1.000000e+02,1.000000e+02,1.000000e+02,1.000000e+02,1.000000e+02,1.000000e+02,1.000000e+02,1.000000e+02,1.000000e+02,1.000000e+02,1.000000e+02,1.000000e+02,1.000000e+02,1.000000e+02,1.000000e+02,1.000000e+02,1.000000e+02,1.000000e+02,1.000000e+02,1.000000e+02,1.000000e+02,1.000000e+02,1.000000e+02,1.000000e+02,1.000000e+02,1.000000e+02,1.000000e+02,1.000000e+02,1.000000e+02,1.000000e+02,1.000000e+02,1.000000e+02,1.000000e+02,1.000000e+02,1.000000e+02,1.000000e+02,1.000000e+02,1.000000e+02,1.000000e+02,1.000000e+02,1.000000e+02,1.000000e+02,1.000000e+02,1.000000e+02,1.000000e+02,1.000000e+02,1.000000e+02,1.000000e+02,1.000000e+02,1.000000e+02,1.000000e+02,1.000000e+02,1.000000e+02,1.000000e+02,1.000000e+02,1.000000e+02,1.000000e+02,1.000000e+02,1.000000e+02,1.000000e+02,1.000000e+02,1.000000e+02,1.000000e+02,1.000000e+02,1.000000e+02,1.000000e+02,1.000000e+02,1.000000e+02,1.000000e+02,1.000000e+02,1.000000e+02,1.000000e+02,1.000000e+02,1.000000e+02,1.000000e+02,1.000000e+02,1.000000e+02,1.000000e+02,1.000000e+02,1.000000e+02,1.000000e+02,1.000000e+02,1.000000e+02,1.000000e+02,1.000000e+02,1.000000e+02,1.000000e+02,1.000000e+02,1.000000e+02,1.000000e+02,1.000000e+02,1.000000e+02,1.000000e+02,1.000000e+02,1.000000e+02,1.000000e+02,1.000000e+02,1.000000e+02,1.000000e+02,1.000000e+02,1.000000e+02,1.000000e+02,1.000000e+02,1.000000e+02,1.000000e+02,1.000000e+02,1.000000e+02,1.000000e+02,1.000000e+02,1.000000e+02,1.000000e+02,
0.085,1.000000e+02,1.000000e+02,1.000000e+02,1.000000e+02,1.000000e+02,1.000000e+02,1.000000e+02,1.000000e+02,1.000000e+02,1.000000e+02,1.000000e+02,1.000000e+02,1.000000e+02,1.000000e+02,1.000000e+02,1.000000e+02,1.000000e+02,1.000000e+02,1.000000e+02,1.000000e+02,1.000000e+02,1.000000e+02,1.000000e+02,1.000000e+02,1.000000e+02,1.000000e+02,1.000000e+02,1.000000e+02,1.000000e+02,1.000000e+02,1.000000e+02,1.000000e+02,1.000000e+02,1.000000e+02,1.000000e+02,1.000000e+02,1.000000e+02,1.000000e+02,1.000000e+02,1.000000e+02,1.000000e+02,1.000000e+02,1.000000e+02,1.000000e+02,1.000000e+02,1.000000e+02,1.000000e+02,1.000000e+02,1.000000e+02,1.000000e+02,1.000000e+02,1.000000e+02,1.000000e+02,1.000000e+02,1.000000e+02,1.000000e+02,1.000000e+02,1.000000e+02,1.000000e+02,1.000000e+02,1.000000e+02,1.000000e+02,1.000000e+02,1.000000e+02,1.000000e+02,1.000000e+02,1.000000e+02,1.000000e+02,1.000000e+02,1.000000e+02,1.000000e+02,1.000000e+02,1.000000e+02,1.000000e+02,1.000000e+02,1.000000e+02,1.000000e+02,1.000000e+02,1.000000e+02,1.000000e+02,1.000000e+02,1.000000e+02,1.000000e+02,1.000000e+02,1.000000e+02,1.000000e+02,1.000000e+02,1.000000e+02,1.000000e+02,1.000000e+02,1.000000e+02,1.000000e+02,1.000000e+02,1.000000e+02,1.000000e+02,1.000000e+02,1.000000e+02,1.000000e+02,1.000000e+02,1.000000e+02,1.000000e+02,1.000000e+02,1.000000e+02,1.000000e+02,1.000000e+02,1.000000e+02,1.000000e+02,1.000000e+02,1.000000e+02,1.000000e+02,1.000000e+02,1.000000e+02,1.000000e+02,1.000000e+02,1.000000e+02,1.000000e+02,1.000000e+02,1.000000e+02,1.000000e+02,1.000000e+02,1.000000e+02,1.000000e+02,1.000000e+02,1.000000e+02,1.000000e+02,1.000000e+02,1.000000e+02,1.000000e+02,1.000000e+02,1.000000e+02,1.000000e+02,1.000000e+02,1.000000e+02,1.000000e+02,1.000000e+02,1.000000e+02,1.000000e+02,1.000000e+02,1.000000e+02,1.000000e+02,1.000000e+02,1.000000e+02,1.000000e+02,1.000000e+02,1.000000e+02,1.000000e+02,1.000000e+02,1.000000e+02,1.000000e+02,1.000000e+02,1.000000e+02,1.000000e+02,1.000000e+02,1.000000e+02,1.000000e+02,1.000000e+02,1.000000e+02,1.000000e+02,1.000000e+02,1.000000e+02,1.000000e+02,1.000000e+02,1.000000e+02,1.000000e+02,1.000000e+02,1.000000e+02,1.000000e+02,1.000000e+02,1.000000e+02,1.000000e+02,1.000000e+02,1.000000e+02,1.000000e+02,1.000000e+02,1.000000e+02,1.000000e+02,1.000000e+02,1.000000e+02,1.000000e+02,1.000000e+02,1.000000e+02,1.000000e+02,1.000000e+02,1.000000e+02,1.000000e+02,1.000000e+02,1.000000e+02,1.000000e+02,1.000000e+02,1.000000e+02,1.000000e+02,1.000000e+02,1.000000e+02,1.000000e+02,1.000000e+02,1.000000e+02,1.000000e+02,1.000000e+02,1.000000e+02,1.000000e+02,
0.09,1.000000e+02,1.000000e+02,1.000000e+02,1.000000e+02,1.000000e+02,1.000000e+02,1.000000e+02,1.000000e+02,1.000000e+02,1.000000e+02,1.000000e+02,1.000000e+02,1.000000e+02,1.000000e+02,1.000000e+02,1.000000e+02,1.000000e+02,1.000000e+02,1.000000e+02,1.000000e+02,1.000000e+02,1.000000e+02,1.000000e+02,1.000000e+02,1.000000e+02,1.000000e+02,1.000000e+02,1.000000e+02,1.000000e+02,1.000000e+02,1.000000e+02,1.000000e+02,1.000000e+02,1.000000e+02,1.000000e+02,1.000000e+02,1.000000e+02,1.000000e+02,1.000000e+02,1.000000e+02,1.000000e+02,1.000000e+02,1.000000e+02,1.000000e+02,1.000000e+02,1.000000e+02,1.000000e+02,1.000000e+02,1.000000e+02,1.000000e+02,1.000000e+02,1.000000e+02,1.000000e+02,1.000000e+02,1.000000e+02,1.000000e+02,1.000000e+02,1.000000e+02,1.000000e+02,1.000000e+02,1.000000e+02,1.000000e+02,1.000000e+02,1.000000e+02,1.000000e+02,1.000000e+02,1.000000e+02,1.000000e+02,1.000000e+02,1.000000e+02,1.000000e+02,1.000000e+02,1.000000e+02,1.000000e+02,1.000000e+02,1.000000e+02,1.000000e+02,1.000000e+02,1.000000e+02,1.000000e+02,1.000000e+02,1.000000e+02,1.000000e+02,1.000000e+02,1.000000e+02,1.000000e+02,1.000000e+02,1.000000e+02,1.000000e+02,1.000000e+02,1.000000e+02,1.000000e+02,1.000000e+02,1.000000e+02,1.000000e+02,1.000000e+02,1.000000e+02,1.000000e+02,1.000000e+02,1.000000e+02,1.000000e+02,1.000000e+02,1.000000e+02,1.000000e+02,1.000000e+02,1.000000e+02,1.000000e+02,1.000000e+02,1.000000e+02,1.000000e+02,1.000000e+02,1.000000e+02,1.000000e+02,1.000000e+02,1.000000e+02,1.000000e+02,1.000000e+02,1.000000e+02,1.000000e+02,1.000000e+02,1.000000e+02,1.000000e+02,1.000000e+02,1.000000e+02,1.000000e+02,1.000000e+02,1.000000e+02,1.000000e+02,1.000000e+02,1.000000e+02,1.000000e+02,1.000000e+02,1.000000e+02,1.000000e+02,1.000000e+02,1.000000e+02,1.000000e+02,1.000000e+02,1.000000e+02,1.000000e+02,1.000000e+02,1.000000e+02,1.000000e+02,1.000000e+02,1.000000e+02,1.000000e+02,1.000000e+02,1.000000e+02,1.000000e+02,1.000000e+02,1.000000e+02,1.000000e+02,1.000000e+02,1.000000e+02,1.000000e+02,1.000000e+02,1.000000e+02,1.000000e+02,1.000000e+02,1.000000e+02,1.000000e+02,1.000000e+02,1.000000e+02,1.000000e+02,1.000000e+02,1.000000e+02,1.000000e+02,1.000000e+02,1.000000e+02,1.000000e+02,1.000000e+02,1.000000e+02,1.000000e+02,1.000000e+02,1.000000e+02,1.000000e+02,1.000000e+02,1.000000e+02,1.000000e+02,1.000000e+02,1.000000e+02,1.000000e+02,1.000000e+02,1.000000e+02,1.000000e+02,1.000000e+02,1.000000e+02,1.000000e+02,1.000000e+02,1.000000e+02,1.000000e+02,1.000000e+02,1.000000e+02,1.000000e+02,1.000000e+02,1.000000e+02,1.000000e+02,1.000000e+02,1.000000e+02,1.000000e+02,
0.095,1.000000e+02,1.000000e+02,1.000000e+02,1.000000e+02,1.000000e+02,1.000000e+02,1.000000e+02,1.000000e+02,1.000000e+02,1.000000e+02,1.000000e+02,1.000000e+02,1.000000e+02,1.000000e+02,1.000000e+02,1.000000e+02,1.000000e+02,1.000000e+02,1.000000e+02,1.000000e+02,1.000000e+02,1.000000e+02,1.000000e+02,1.000000e+02,1.000000e+02,1.000000e+02,1.000000e+02,1.000000e+02,1.000000e+02,1.000000e+02,1.000000e+02,1.000000e+02,1.000000e+02,1.000000e+02,1.000000e+02,1.000000e+02,1.000000e+02,1.000000e+02,1.000000e+02,1.000000e+02,1.000000e+02,1.000000e+02,1.000000e+02,1.000000e+02,1.000000e+02,1.000000e+02,1.000000e+02,1.000000e+02,1.000000e+02,1.000000e+02,1.000000e+02,1.000000e+02,1.000000e+02,1.000000e+02,1.000000e+02,1.000000e+02,1.000000e+02,1.000000e+02,1.000000e+02,1.000000e+02,1.000000e+02,1.000000e+02,1.000000e+02,1.000000e+02,1.000000e+02,1.000000e+02,1.000000e+02,1.000000e+02,1.000000e+02,1.000000e+02,1.000000e+02,1.000000e+02,1.000000e+02,1.000000e+02,1.000000e+02,1.000000e+02,1.000000e+02,1.000000e+02,1.000000e+02,1.000000e+02,1.000000e+02,1.000000e+02,1.000000e+02,1.000000e+02,1.000000e+02,1.000000e+02,1.000000e+02,1.000000e+02,1.000000e+02,1.000000e+02,1.000000e+02,1.000000e+02,1.000000e+02,1.000000e+02,1.000000e+02,1.000000e+02,1.000000e+02,1.000000e+02,1.000000e+02,1.000000e+02,1.000000e+02,1.000000e+02,1.000000e+02,1.000000e+02,1.000000e+02,1.000000e+02,1.000000e+02,1.000000e+02,1.000000e+02,1.000000e+02,1.000000e+02,1.000000e+02,1.000000e+02,1.000000e+02,1.000000e+02,1.000000e+02,1.000000e+02,1.000000e+02,1.000000e+02,1.000000e+02,1.000000e+02,1.000000e+02,1.000000e+02,1.000000e+02,1.000000e+02,1.000000e+02,1.000000e+02,1.000000e+02,1.000000e+02,1.000000e+02,1.000000e+02,1.000000e+02,1.000000e+02,1.000000e+02,1.000000e+02,1.000000e+02,1.000000e+02,1.000000e+02,1.000000e+02,1.000000e+02,1.000000e+02,1.000000e+02,1.000000e+02,1.000000e+02,1.000000e+02,1.000000e+02,1.000000e+02,1.000000e+02,1.000000e+02,1.000000e+02,1.000000e+02,1.000000e+02,1.000000e+02,1.000000e+02,1.000000e+02,1.000000e+02,1.000000e+02,1.000000e+02,1.000000e+02,1.000000e+02,1.000000e+02,1.000000e+02,1.000000e+02,1.000000e+02,1.000000e+02,1.000000e+02,1.000000e+02,1.000000e+02,1.000000e+02,1.000000e+02,1.000000e+02,1.000000e+02,1.000000e+02,1.000000e+02,1.000000e+02,1.000000e+02,1.000000e+02,1.000000e+02,1.000000e+02,1.000000e+02,1.000000e+02,1.000000e+02,1.000000e+02,1.000000e+02,1.000000e+02,1.000000e+02,1.000000e+02,1.000000e+02,1.000000e+02,1.000000e+02,1.000000e+02,1.000000e+02,1.000000e+02,1.000000e+02,1.000000e+02,1.000000e+02,1.000000e+02,1.000000e+02,1.000000e+02,1.000000e+02,
0.1,1.000000e+02,1.000000e+02,1.000000e+02,1.000000e+02,1.000000e+02,1.000000e+02,1.000000e+02,1.000000e+02,1.000000e+02,1.000000e+02,1.000000e+02,1.000000e+02,1.000000e+02,1.000000e+02,1.000000e+02,1.000000e+02,1.000000e+02,1.000000e+02,1.000000e+02,1.000000e+02,1.000000e+02,1.000000e+02,1.000000e+02,1.000000e+02,1.000000e+02,1.000000e+02,1.000000e+02,1.000000e+02,1.000000e+02,1.000000e+02,1.000000e+02,1.000000e+02,1.000000e+02,1.000000e+02,1.000000e+02,1.000000e+02,1.000000e+02,1.000000e+02,1.000000e+02,1.000000e+02,1.000000e+02,1.000000e+02,1.000000e+02,1.000000e+02,1.000000e+02,1.000000e+02,1.000000e+02,1.000000e+02,1.000000e+02,1.000000e+02,1.000000e+02,1.000000e+02,1.000000e+02,1.000000e+02,1.000000e+02,1.000000e+02,1.000000e+02,1.000000e+02,1.000000e+02,1.000000e+02,1.000000e+02,1.000000e+02,1.000000e+02,1.000000e+02,1.000000e+02,1.000000e+02,1.000000e+02,1.000000e+02,1.000000e+02,1.000000e+02,1.000000e+02,1.000000e+02,1.000000e+02,1.000000e+02,1.000000e+02,1.000000e+02,1.000000e+02,1.000000e+02,1.000000e+02,1.000000e+02,1.000000e+02,1.000000e+02,1.000000e+02,1.000000e+02,1.000000e+02,1.000000e+02,1.000000e+02,1.000000e+02,1.000000e+02,1.000000e+02,1.000000e+02,1.000000e+02,1.000000e+02,1.000000e+02,1.000000e+02,1.000000e+02,1.000000e+02,1.000000e+02,1.000000e+02,1.000000e+02,1.000000e+02,1.000000e+02,1.000000e+02,1.000000e+02,1.000000e+02,1.000000e+02,1.000000e+02,1.000000e+02,1.000000e+02,1.000000e+02,1.000000e+02,1.000000e+02,1.000000e+02,1.000000e+02,1.000000e+02,1.000000e+02,1.000000e+02,1.000000e+02,1.000000e+02,1.000000e+02,1.000000e+02,1.000000e+02,1.000000e+02,1.000000e+02,1.000000e+02,1.000000e+02,1.000000e+02,1.000000e+02,1.000000e+02,1.000000e+02,1.000000e+02,1.000000e+02,1.000000e+02,1.000000e+02,1.000000e+02,1.000000e+02,1.000000e+02,1.000000e+02,1.000000e+02,1.000000e+02,1.000000e+02,1.000000e+02,1.000000e+02,1.000000e+02,1.000000e+02,1.000000e+02,1.000000e+02,1.000000e+02,1.000000e+02,1.000000e+02,1.000000e+02,1.000000e+02,1.000000e+02,1.000000e+02,1.000000e+02,1.000000e+02,1.000000e+02,1.000000e+02,1.000000e+02,1.000000e+02,1.000000e+02,1.000000e+02,1.000000e+02,1.000000e+02,1.000000e+02,1.000000e+02,1.000000e+02,1.000000e+02,1.000000e+02,1.000000e+02,1.000000e+02,1.000000e+02,1.000000e+02,1.000000e+02,1.000000e+02,1.000000e+02,1.000000e+02,1.000000e+02,1.000000e+02,1.000000e+02,1.000000e+02,1.000000e+02,1.000000e+02,1.000000e+02,1.000000e+02,1.000000e+02,1.000000e+02,1.000000e+02,1.000000e+02,1.000000e+02,1.000000e+02,1.000000e+02,1.000000e+02,1.000000e+02,1.000000e+02,1.000000e+02,1.000000e+02,1.000000e+02,1.000000e+02,1.000000e+02,
0.105,1.000000e+02,1.000000e+02,1.000000e+02,1.000000e+02,1.000000e+02,1.000000e+02,1.000000e+02,1.000000e+02,1.000000e+02,1.000000e+02,1.000000e+02,1.000000e+02,1.000000e+02,1.000000e+02,1.000000e+02,1.000000e+02,1.000000e+02,1.000000e+02,1.000000e+02,1.000000e+02,1.000000e+02,1.000000e+02,1.000000e+02,1.000000e+02,1.000000e+02,1.000000e+02,1.000000e+02,1.000000e+02,1.000000e+02,1.000000e+02,1.000000e+02,1.000000e+02,1.000000e+02,1.000000e+02,1.000000e+02,1.000000e+02,1.000000e+02,1.000000e+02,1.000000e+02,1.000000e+02,1.000000e+02,1.000000e+02,1.000000e+02,1.000000e+02,1.000000e+02,1.000000e+02,1.000000e+02,1.000000e+02,1.000000e+02,1.000000e+02,1.000000e+02,1.000000e+02,1.000000e+02,1.000000e+02,1.000000e+02,1.000000e+02,1.000000e+02,1.000000e+02,1.000000e+02,1.000000e+02,1.000000e+02,1.000000e+02,1.000000e+02,1.000000e+02,1.000000e+02,1.000000e+02,1.000000e+02,1.000000e+02,1.000000e+02,1.000000e+02,1.000000e+02,1.000000e+02,1.000000e+02,1.000000e+02,1.000000e+02,1.000000e+02,1.000000e+02,1.000000e+02,1.000000e+02,1.000000e+02,1.000000e+02,1.000000e+02,1.000000e+02,1.000000e+02,1.000000e+02,1.000000e+02,1.000000e+02,1.000000e+02,1.000000e+02,1.000000e+02,1.000000e+02,1.000000e+02,1.000000e+02,1.000000e+02,1.000000e+02,1.000000e+02,1.000000e+02,1.000000e+02,1.000000e+02,1.000000e+02,1.000000e+02,1.000000e+02,1.000000e+02,1.000000e+02,1.000000e+02,1.000000e+02,1.000000e+02,1.000000e+02,1.000000e+02,1.000000e+02,1.000000e+02,1.000000e+02,1.000000e+02,1.000000e+02,1.000000e+02,1.000000e+02,1.000000e+02,1.000000e+02,1.000000e+02,1.000000e+02,1.000000e+02,1.000000e+02,1.000000e+02,1.000000e+02,1.000000e+02,1.000000e+02,1.000000e+02,1.000000e+02,1.000000e+02,1.000000e+02,1.000000e+02,1.000000e+02,1.000000e+02,1.000000e+02,1.000000e+02,1.000000e+02,1.000000e+02,1.000000e+02,1.000000e+02,1.000000e+02,1.000000e+02,1.000000e+02,1.000000e+02,1.000000e+02,1.000000e+02,1.000000e+02,1.000000e+02,1.000000e+02,1.000000e+02,1.000000e+02,1.000000e+02,1.000000e+02,1.000000e+02,1.000000e+02,1.000000e+02,1.000000e+02,1.000000e+02,1.000000e+02,1.000000e+02,1.000000e+02,1.000000e+02,1.000000e+02,1.000000e+02,1.000000e+02,1.000000e+02,1.000000e+02,1.000000e+02,1.000000e+02,1.000000e+02,1.000000e+02,1.000000e+02,1.000000e+02,1.000000e+02,1.000000e+02,1.000000e+02,1.000000e+02,1.000000e+02,1.000000e+02,1.000000e+02,1.000000e+02,1.000000e+02,1.000000e+02,1.000000e+02,1.000000e+02,1.000000e+02,1.000000e+02,1.000000e+02,1.000000e+02,1.000000e+02,1.000000e+02,1.000000e+02,1.000000e+02,1.000000e+02,1.000000e+02,1.000000e+02,1.000000e+02,1.000000e+02,1.000000e+02,1.000000e+02,1.000000e+02,
0.11,1.000000e+02,1.000000e+02,1.000000e+02,1.000000e+02,1.000000e+02,1.000000e+02,1.000000e+02,1.000000e+02,1.000000e+02,1.000000e+02,1.000000e+02,1.000000e+02,1.000000e+02,1.000000e+02,1.000000e+02,1.000000e+02,1.000000e+02,1.000000e+02,1.000000e+02,1.000000e+02,1.000000e+02,1.000000e+02,1.000000e+02,1.000000e+02,1.000000e+02,1.000000e+02,1.000000e+02,1.000000e+02,1.000000e+02,1.000000e+02,1.000000e+02,1.000000e+02,1.000000e+02,1.000000e+02,1.000000e+02,1.000000e+02,1.000000e+02,1.000000e+02,1.000000e+02,1.000000e+02,1.000000e+02,1.000000e+02,1.000000e+02,1.000000e+02,1.000000e+02,1.000000e+02,1.000000e+02,1.000000e+02,1.000000e+02,1.000000e+02,1.000000e+02,1.000000e+02,1.000000e+02,1.000000e+02,1.000000e+02,1.000000e+02,1.000000e+02,1.000000e+02,1.000000e+02,1.000000e+02,1.000000e+02,1.000000e+02,1.000000e+02,1.000000e+02,1.000000e+02,1.000000e+02,1.000000e+02,1.000000e+02,1.000000e+02,1.000000e+02,1.000000e+02,1.000000e+02,1.000000e+02,1.000000e+02,1.000000e+02,1.000000e+02,1.000000e+02,1.000000e+02,1.000000e+02,1.000000e+02,1.000000e+02,1.000000e+02,1.000000e+02,1.000000e+02,1.000000e+02,1.000000e+02,1.000000e+02,1.000000e+02,1.000000e+02,1.000000e+02,1.000000e+02,1.000000e+02,1.000000e+02,1.000000e+02,1.000000e+02,1.000000e+02,1.000000e+02,1.000000e+02,1.000000e+02,1.000000e+02,1.000000e+02,1.000000e+02,1.000000e+02,1.000000e+02,1.000000e+02,1.000000e+02,1.000000e+02,1.000000e+02,1.000000e+02,1.000000e+02,1.000000e+02,1.000000e+02,1.000000e+02,1.000000e+02,1.000000e+02,1.000000e+02,1.000000e+02,1.000000e+02,1.000000e+02,1.000000e+02,1.000000e+02,1.000000e+02,1.000000e+02,1.000000e+02,1.000000e+02,1.000000e+02,1.000000e+02,1.000000e+02,1.000000e+02,1.000000e+02,1.000000e+02,1.000000e+02,1.000000e+02,1.000000e+02,1.000000e+02,1.000000e+02,1.000000e+02,1.000000e+02,1.000000e+02,1.000000e+02,1.000000e+02,1.000000e+02,1.000000e+02,1.000000e+02,1.000000e+02,1.000000e+02,1.000000e+02,1.000000e+02,1.000000e+02,1.000000e+02,1.000000e+02,1.000000e+02,1.000000e+02,1.000000e+02,1.000000e+02,1.000000e+02,1.000000e+02,1.000000e+02,1.000000e+02,1.000000e+02,1.000000e+02,1.000000e+02,1.000000e+02,1.000000e+02,1.000000e+02,1.000000e+02,1.000000e+02,1.000000e+02,1.000000e+02,1.000000e+02,1.000000e+02,1.000000e+02,1.000000e+02,1.000000e+02,1.000000e+02,1.000000e+02,1.000000e+02,1.000000e+02,1.000000e+02,1.000000e+02,1.000000e+02,1.000000e+02,1.000000e+02,1.000000e+02,1.000000e+02,1.000000e+02,1.000000e+02,1.000000e+02,1.000000e+02,1.000000e+02,1.000000e+02,1.000000e+02,1.000000e+02,1.000000e+02,1.000000e+02,1.000000e+02,1.000000e+02,1.000000e+02,1.000000e+02,1.000000e+02,
0.115,1.000000e+02,1.000000e+02,1.000000e+02,1.000000e+02,1.000000e+02,1.000000e+02,1.000000e+02,1.000000e+02,1.000000e+02,1.000000e+02,1.000000e+02,1.000000e+02,1.000000e+02,1.000000e+02,1.000000e+02,1.000000e+02,1.000000e+02,1.000000e+02,1.000000e+02,1.000000e+02,1.000000e+02,1.000000e+02,1.000000e+02,1.000000e+02,1.000000e+02,1.000000e+02,1.000000e+02,1.000000e+02,1.000000e+02,1.000000e+02,1.000000e+02,1.000000e+02,1.000000e+02,1.000000e+02,1.000000e+02,1.000000e+02,1.000000e+02,1.000000e+02,1.000000e+02,1.000000e+02,1.000000e+02,1.000000e+02,1.000000e+02,1.000000e+02,1.000000e+02,1.000000e+02,1.000000e+02,1.000000e+02,1.000000e+02,1.000000e+02,1.000000e+02,1.000000e+02,1.000000e+02,1.000000e+02,1.000000e+02,1.000000e+02,1.000000e+02,1.000000e+02,1.000000e+02,1.000000e+02,1.000000e+02,1.000000e+02,1.000000e+02,1.000000e+02,1.000000e+02,1.000000e+02,1.000000e+02,1.000000e+02,1.000000e+02,1.000000e+02,1.000000e+02,1.000000e+02,1.000000e+02,1.000000e+02,1.000000e+02,1.000000e+02,1.000000e+02,1.000000e+02,1.000000e+02,1.000000e+02,1.000000e+02,1.000000e+02,1.000000e+02,1.000000e+02,1.000000e+02,1.000000e+02,1.000000e+02,1.000000e+02,1.000000e+02,1.000000e+02,1.000000e+02,1.000000e+02,1.000000e+02,1.000000e+02,1.000000e+02,1.000000e+02,1.000000e+02,1.000000e+02,1.000000e+02,1.000000e+02,1.000000e+02,1.000000e+02,1.000000e+02,1.000000e+02,1.000000e+02,1.000000e+02,1.000000e+02,1.000000e+02,1.000000e+02,1.000000e+02,1.000000e+02,1.000000e+02,1.000000e+02,1.000000e+02,1.000000e+02,1.000000e+02,1.000000e+02,1.000000e+02,1.000000e+02,1.000000e+02,1.000000e+02,1.000000e+02,1.000000e+02,1.000000e+02,1.000000e+02,1.000000e+02,1.000000e+02,1.000000e+02,1.000000e+02,1.000000e+02,1.000000e+02,1.000000e+02,1.000000e+02,1.000000e+02,1.000000e+02,1.000000e+02,1.000000e+02,1.000000e+02,1.000000e+02,1.000000e+02,1.000000e+02,1.000000e+02,1.000000e+02,1.000000e+02,1.000000e+02,1.000000e+02,1.000000e+02,1.000000e+02,1.000000e+02,1.000000e+02,1.000000e+02,1.000000e+02,1.000000e+02,1.000000e+02,1.000000e+02,1.000000e+02,1.000000e+02,1.000000e+02,1.000000e+02,1.000000e+02,1.000000e+02,1.000000e+02,1.000000e+02,1.000000e+02,1.000000e+02,1.000000e+02,1.000000e+02,1.000000e+02,1.000000e+02,1.000000e+02,1.000000e+02,1.000000e+02,1.000000e+02,1.000000e+02,1.000000e+02,1.000000e+02,1.000000e+02,1.000000e+02,1.000000e+02,1.000000e+02,1.000000e+02,1.000000e+02,1.000000e+02,1.000000e+02,1.000000e+02,1.000000e+02,1.000000e+02,1.000000e+02,1.000000e+02,1.000000e+02,1.000000e+02,1.000000e+02,1.000000e+02,1.000000e+02,1.000000e+02,1.000000e+02,1.000000e+02,1.000000e+02,1.000000e+02,1.000000e+02,
0.12,1.000000e+02,1.000000e+02,1.000000e+02,1.000000e+02,1.000000e+02,1.000000e+02,1.000000e+02,1.000000e+02,1.000000e+02,1.000000e+02,1.000000e+02,1.000000e+02,1.000000e+02,1.000000e+02,1.000000e+02,1.000000e+02,1.000000e+02,1.000000e+02,1.000000e+02,1.000000e+02,1.000000e+02,1.000000e+02,1.000000e+02,1.000000e+02,1.000000e+02,1.000000e+02,1.000000e+02,1.000000e+02,1.000000e+02,1.000000e+02,1.000000e+02,1.000000e+02,1.000000e+02,1.000000e+02,1.000000e+02,1.000000e+02,1.000000e+02,1.000000e+02,1.000000e+02,1.000000e+02,1.000000e+02,1.000000e+02,1.000000e+02,1.000000e+02,1.000000e+02,1.000000e+02,1.000000e+02,1.000000e+02,1.000000e+02,1.000000e+02,1.000000e+02,1.000000e+02,1.000000e+02,1.000000e+02,1.000000e+02,1.000000e+02,1.000000e+02,1.000000e+02,1.000000e+02,1.000000e+02,1.000000e+02,1.000000e+02,1.000000e+02,1.000000e+02,1.000000e+02,1.000000e+02,1.000000e+02,1.000000e+02,1.000000e+02,1.000000e+02,1.000000e+02,1.000000e+02,1.000000e+02,1.000000e+02,1.000000e+02,1.000000e+02,1.000000e+02,1.000000e+02,1.000000e+02,1.000000e+02,1.000000e+02,1.000000e+02,1.000000e+02,1.000000e+02,1.000000e+02,1.000000e+02,1.000000e+02,1.000000e+02,1.000000e+02,1.000000e+02,1.000000e+02,1.000000e+02,1.000000e+02,1.000000e+02,1.000000e+02,1.000000e+02,1.000000e+02,1.000000e+02,1.000000e+02,1.000000e+02,1.000000e+02,1.000000e+02,1.000000e+02,1.000000e+02,1.000000e+02,1.000000e+02,1.000000e+02,1.000000e+02,1.000000e+02,1.000000e+02,1.000000e+02,1.000000e+02,1.000000e+02,1.000000e+02,1.000000e+02,1.000000e+02,1.000000e+02,1.000000e+02,1.000000e+02,1.000000e+02,1.000000e+02,1.000000e+02,1.000000e+02,1.000000e+02,1.000000e+02,1.000000e+02,1.000000e+02,1.000000e+02,1.000000e+02,1.000000e+02,1.000000e+02,1.000000e+02,1.000000e+02,1.000000e+02,1.000000e+02,1.000000e+02,1.000000e+02,1.000000e+02,1.000000e+02,1.000000e+02,1.000000e+02,1.000000e+02,1.000000e+02,1.000000e+02,1.000000e+02,1.000000e+02,1.000000e+02,1.000000e+02,1.000000e+02,1.000000e+02,1.000000e+02,1.000000e+02,1.000000e+02,1.000000e+02,1.000000e+02,1.000000e+02,1.000000e+02,1.000000e+02,1.000000e+02,1.000000e+02,1.000000e+02,1.000000e+02,1.000000e+02,1.000000e+02,1.000000e+02,1.000000e+02,1.000000e+02,1.000000e+02,1.000000e+02,1.000000e+02,1.000000e+02,1.000000e+02,1.000000e+02,1.000000e+02,1.000000e+02,1.000000e+02,1.000000e+02,1.000000e+02,1.000000e+02,1.000000e+02,1.000000e+02,1.000000e+02,1.000000e+02,1.000000e+02,1.000000e+02,1.000000e+02,1.000000e+02,1.000000e+02,1.000000e+02,1.000000e+02,1.000000e+02,1.000000e+02,1.000000e+02,1.000000e+02,1.000000e+02,1.000000e+02,1.000000e+02,1.000000e+02,1.000000e+02,1.000000e+02,
0.125,1.000000e+02,1.000000e+02,1.000000e+02,1.000000e+02,1.000000e+02,1.000000e+02,1.000000e+02,1.000000e+02,1.000000e+02,1.000000e+02,1.000000e+02,1.000000e+02,1.000000e+02,1.000000e+02,1.000000e+02,1.000000e+02,1.000000e+02,1.000000e+02,1.000000e+02,1.000000e+02,1.000000e+02,1.000000e+02,1.000000e+02,1.000000e+02,1.000000e+02,1.000000e+02,1.000000e+02,1.000000e+02,1.000000e+02,1.000000e+02,1.000000e+02,1.000000e+02,1.000000e+02,1.000000e+02,1.000000e+02,1.000000e+02,1.000000e+02,1.000000e+02,1.000000e+02,1.000000e+02,1.000000e+02,1.000000e+02,1.000000e+02,1.000000e+02,1.000000e+02,1.000000e+02,1.000000e+02,1.000000e+02,1.000000e+02,1.000000e+02,1.000000e+02,1.000000e+02,1.000000e+02,1.000000e+02,1.000000e+02,1.000000e+02,1.000000e+02,1.000000e+02,1.000000e+02,1.000000e+02,1.000000e+02,1.000000e+02,1.000000e+02,1.000000e+02,1.000000e+02,1.000000e+02,1.000000e+02,1.000000e+02,1.000000e+02,1.000000e+02,1.000000e+02,1.000000e+02,1.000000e+02,1.000000e+02,1.000000e+02,1.000000e+02,1.000000e+02,1.000000e+02,1.000000e+02,1.000000e+02,1.000000e+02,1.000000e+02,1.000000e+02,1.000000e+02,1.000000e+02,1.000000e+02,1.000000e+02,1.000000e+02,1.000000e+02,1.000000e+02,1.000000e+02,1.000000e+02,1.000000e+02,1.000000e+02,1.000000e+02,1.000000e+02,1.000000e+02,1.000000e+02,1.000000e+02,1.000000e+02,1.000000e+02,1.000000e+02,1.000000e+02,1.000000e+02,1.000000e+02,1.000000e+02,1.000000e+02,1.000000e+02,1.000000e+02,1.000000e+02,1.000000e+02,1.000000e+02,1.000000e+02,1.000000e+02,1.000000e+02,1.000000e+02,1.000000e+02,1.000000e+02,1.000000e+02,1.000000e+02,1.000000e+02,1.000000e+02,1.000000e+02,1.000000e+02,1.000000e+02,1.000000e+02,1.000000e+02,1.000000e+02,1.000000e+02,1.000000e+02,1.000000e+02,1.000000e+02,1.000000e+02,1.000000e+02,1.000000e+02,1.000000e+02,1.000000e+02,1.000000e+02,1.000000e+02,1.000000e+02,1.000000e+02,1.000000e+02,1.000000e+02,1.000000e+02,1.000000e+02,1.000000e+02,1.000000e+02,1.000000e+02,1.000000e+02,1.000000e+02,1.000000e+02,1.000000e+02,1.000000e+02,1.000000e+02,1.000000e+02,1.000000e+02,1.000000e+02,1.000000e+02,1.000000e+02,1.000000e+02,1.000000e+02,1.000000e+02,1.000000e+02,1.000000e+02,1.000000e+02,1.000000e+02,1.000000e+02,1.000000e+02,1.000000e+02,1.000000e+02,1.000000e+02,1.000000e+02,1.000000e+02,1.000000e+02,1.000000e+02,1.000000e+02,1.000000e+02,1.000000e+02,1.000000e+02,1.000000e+02,1.000000e+02,1.000000e+02,1.000000e+02,1.000000e+02,1.000000e+02,1.000000e+02,1.000000e+02,1.000000e+02,1.000000e+02,1.000000e+02,1.000000e+02,1.000000e+02,1.000000e+02,1.000000e+02,1.000000e+02,1.000000e+02,1.000000e+02,1.000000e+02,1.000000e+02,1.000000e+02,
0.13,1.000000e+02,1.000000e+02,1.000000e+02,1.000000e+02,1.000000e+02,1.000000e+02,1.000000e+02,1.000000e+02,1.000000e+02,1.000000e+02,1.000000e+02,1.000000e+02,1.000000e+02,1.000000e+02,1.000000e+02,1.000000e+02,1.000000e+02,1.000000e+02,1.000000e+02,1.000000e+02,1.000000e+02,1.000000e+02,1.000000e+02,1.000000e+02,1.000000e+02,1.000000e+02,1.000000e+02,1.000000e+02,1.000000e+02,1.000000e+02,1.000000e+02,1.000000e+02,1.000000e+02,1.000000e+02,1.000000e+02,1.000000e+02,1.000000e+02,1.000000e+02,1.000000e+02,1.000000e+02,1.000000e+02,1.000000e+02,1.000000e+02,1.000000e+02,1.000000e+02,1.000000e+02,1.000000e+02,1.000000e+02,1.000000e+02,1.000000e+02,1.000000e+02,1.000000e+02,1.000000e+02,1.000000e+02,1.000000e+02,1.000000e+02,1.000000e+02,1.000000e+02,1.000000e+02,1.000000e+02,1.000000e+02,1.000000e+02,1.000000e+02,1.000000e+02,1.000000e+02,1.000000e+02,1.000000e+02,1.000000e+02,1.000000e+02,1.000000e+02,1.000000e+02,1.000000e+02,1.000000e+02,1.000000e+02,1.000000e+02,1.000000e+02,1.000000e+02,1.000000e+02,1.000000e+02,1.000000e+02,1.000000e+02,1.000000e+02,1.000000e+02,1.000000e+02,1.000000e+02,1.000000e+02,1.000000e+02,1.000000e+02,1.000000e+02,1.000000e+02,1.000000e+02,1.000000e+02,1.000000e+02,1.000000e+02,1.000000e+02,1.000000e+02,1.000000e+02,1.000000e+02,1.000000e+02,1.000000e+02,1.000000e+02,1.000000e+02,1.000000e+02,1.000000e+02,1.000000e+02,1.000000e+02,1.000000e+02,1.000000e+02,1.000000e+02,1.000000e+02,1.000000e+02,1.000000e+02,1.000000e+02,1.000000e+02,1.000000e+02,1.000000e+02,1.000000e+02,1.000000e+02,1.000000e+02,1.000000e+02,1.000000e+02,1.000000e+02,1.000000e+02,1.000000e+02,1.000000e+02,1.000000e+02,1.000000e+02,1.000000e+02,1.000000e+02,1.000000e+02,1.000000e+02,1.000000e+02,1.000000e+02,1.000000e+02,1.000000e+02,1.000000e+02,1.000000e+02,1.000000e+02,1.000000e+02,1.000000e+02,1.000000e+02,1.000000e+02,1.000000e+02,1.000000e+02,1.000000e+02,1.000000e+02,1.000000e+02,1.000000e+02,1.000000e+02,1.000000e+02,1.000000e+02,1.000000e+02,1.000000e+02,1.000000e+02,1.000000e+02,1.000000e+02,1.000000e+02,1.000000e+02,1.000000e+02,1.000000e+02,1.000000e+02,1.000000e+02,1.000000e+02,1.000000e+02,1.000000e+02,1.000000e+02,1.000000e+02,1.000000e+02,1.000000e+02,1.000000e+02,1.000000e+02,1.000000e+02,1.000000e+02,1.000000e+02,1.000000e+02,1.000000e+02,1.000000e+02,1.000000e+02,1.000000e+02,1.000000e+02,1.000000e+02,1.000000e+02,1.000000e+02,1.000000e+02,1.000000e+02,1.000000e+02,1.000000e+02,1.000000e+02,1.000000e+02,1.000000e+02,1.000000e+02,1.000000e+02,1.000000e+02,1.000000e+02,1.000000e+02,1.000000e+02,1.000000e+02,1.000000e+02,1.000000e+02,1.000000e+02,
0.135,1.000000e+02,1.000000e+02,1.000000e+02,1.000000e+02,1.000000e+02,1.000000e+02,1.000000e+02,1.000000e+02,1.000000e+02,1.000000e+02,1.000000e+02,1.000000e+02,1.000000e+02,1.000000e+02,1.000000e+02,1.000000e+02,1.000000e+02,1.000000e+02,1.000000e+02,1.000000e+02,1.000000e+02,1.000000e+02,1.000000e+02,1.000000e+02,1.000000e+02,1.000000e+02,1.000000e+02,1.000000e+02,1.000000e+02,1.000000e+02,1.000000e+02,1.000000e+02,1.000000e+02,1.000000e+02,1.000000e+02,1.000000e+02,1.000000e+02,1.000000e+02,1.000000e+02,1.000000e+02,1.000000e+02,1.000000e+02,1.000000e+02,1.000000e+02,1.000000e+02,1.000000e+02,1.000000e+02,1.000000e+02,1.000000e+02,1.000000e+02,1.000000e+02,1.000000e+02,1.000000e+02,1.000000e+02,1.000000e+02,1.000000e+02,1.000000e+02,1.000000e+02,1.000000e+02,1.000000e+02,1.000000e+02,1.000000e+02,1.000000e+02,1.000000e+02,1.000000e+02,1.000000e+02,1.000000e+02,1.000000e+02,1.000000e+02,1.000000e+02,1.000000e+02,1.000000e+02,1.000000e+02,1.000000e+02,1.000000e+02,1.000000e+02,1.000000e+02,1.000000e+02,1.000000e+02,1.000000e+02,1.000000e+02,1.000000e+02,1.000000e+02,1.000000e+02,1.000000e+02,1.000000e+02,1.000000e+02,1.000000e+02,1.000000e+02,1.000000e+02,1.000000e+02,1.000000e+02,1.000000e+02,1.000000e+02,1.000000e+02,1.000000e+02,1.000000e+02,1.000000e+02,1.000000e+02,1.000000e+02,1.000000e+02,1.000000e+02,1.000000e+02,1.000000e+02,1.000000e+02,1.000000e+02,1.000000e+02,1.000000e+02,1.000000e+02,1.000000e+02,1.000000e+02,1.000000e+02,1.000000e+02,1.000000e+02,1.000000e+02,1.000000e+02,1.000000e+02,1.000000e+02,1.000000e+02,1.000000e+02,1.000000e+02,1.000000e+02,1.000000e+02,1.000000e+02,1.000000e+02,1.000000e+02,1.000000e+02,1.000000e+02,1.000000e+02,1.000000e+02,1.000000e+02,1.000000e+02,1.000000e+02,1.000000e+02,1.000000e+02,1.000000e+02,1.000000e+02,1.000000e+02,1.000000e+02,1.000000e+02,1.000000e+02,1.000000e+02,1.000000e+02,1.000000e+02,1.000000e+02,1.000000e+02,1.000000e+02,1.000000e+02,1.000000e+02,1.000000e+02,1.000000e+02,1.000000e+02,1.000000e+02,1.000000e+02,1.000000e+02,1.000000e+02,1.000000e+02,1.000000e+02,1.000000e+02,1.000000e+02,1.000000e+02,1.000000e+02,1.000000e+02,1.000000e+02,1.000000e+02,1.000000e+02,1.000000e+02,1.000000e+02,1.000000e+02,1.000000e+02,1.000000e+02,1.000000e+02,1.000000e+02,1.000000e+02,1.000000e+02,1.000000e+02,1.000000e+02,1.000000e+02,1.000000e+02,1.000000e+02,1.000000e+02,1.000000e+02,1.000000e+02,1.000000e+02,1.000000e+02,1.000000e+02,1.000000e+02,1.000000e+02,1.000000e+02,1.000000e+02,1.000000e+02,1.000000e+02,1.000000e+02,1.000000e+02,1.000000e+02,1.000000e+02,1.000000e+02,1.000000e+02,1.000000e+02,1.000000e+02,
0.14,1.000000e+02,1.000000e+02,1.000000e+02,1.000000e+02,1.000000e+02,1.000000e+02,1.000000e+02,1.000000e+02,1.000000e+02,1.000000e+02,1.000000e+02,1.000000e+02,1.000000e+02,1.000000e+02,1.000000e+02,1.000000e+02,1.000000e+02,1.000000e+02,1.000000e+02,1.000000e+02,1.000000e+02,1.000000e+02,1.000000e+02,1.000000e+02,1.000000e+02,1.000000e+02,1.000000e+02,1.000000e+02,1.000000e+02,1.000000e+02,1.000000e+02,1.000000e+02,1.000000e+02,1.000000e+02,1.000000e+02,1.000000e+02,1.000000e+02,1.000000e+02,1.000000e+02,1.000000e+02,1.000000e+02,1.000000e+02,1.000000e+02,1.000000e+02,1.000000e+02,1.000000e+02,1.000000e+02,1.000000e+02,1.000000e+02,1.000000e+02,1.000000e+02,1.000000e+02,1.000000e+02,1.000000e+02,1.000000e+02,1.000000e+02,1.000000e+02,1.000000e+02,1.000000e+02,1.000000e+02,1.000000e+02,1.000000e+02,1.000000e+02,1.000000e+02,1.000000e+02,1.000000e+02,1.000000e+02,1.000000e+02,1.000000e+02,1.000000e+02,1.000000e+02,1.000000e+02,1.000000e+02,1.000000e+02,1.000000e+02,1.000000e+02,1.000000e+02,1.000000e+02,1.000000e+02,1.000000e+02,1.000000e+02,1.000000e+02,1.000000e+02,1.000000e+02,1.000000e+02,1.000000e+02,1.000000e+02,1.000000e+02,1.000000e+02,1.000000e+02,1.000000e+02,1.000000e+02,1.000000e+02,1.000000e+02,1.000000e+02,1.000000e+02,1.000000e+02,1.000000e+02,1.000000e+02,1.000000e+02,1.000000e+02,1.000000e+02,1.000000e+02,1.000000e+02,1.000000e+02,1.000000e+02,1.000000e+02,1.000000e+02,1.000000e+02,1.000000e+02,1.000000e+02,1.000000e+02,1.000000e+02,1.000000e+02,1.000000e+02,1.000000e+02,1.000000e+02,1.000000e+02,1.000000e+02,1.000000e+02,1.000000e+02,1.000000e+02,1.000000e+02,1.000000e+02,1.000000e+02,1.000000e+02,1.000000e+02,1.000000e+02,1.000000e+02,1.000000e+02,1.000000e+02,1.000000e+02,1.000000e+02,1.000000e+02,1.000000e+02,1.000000e+02,1.000000e+02,1.000000e+02,1.000000e+02,1.000000e+02,1.000000e+02,1.000000e+02,1.000000e+02,1.000000e+02,1.000000e+02,1.000000e+02,1.000000e+02,1.000000e+02,1.000000e+02,1.000000e+02,1.000000e+02,1.000000e+02,1.000000e+02,1.000000e+02,1.000000e+02,1.000000e+02,1.000000e+02,1.000000e+02,1.000000e+02,1.000000e+02,1.000000e+02,1.000000e+02,1.000000e+02,1.000000e+02,1.000000e+02,1.000000e+02,1.000000e+02,1.000000e+02,1.000000e+02,1.000000e+02,1.000000e+02,1.000000e+02,1.000000e+02,1.000000e+02,1.000000e+02,1.000000e+02,1.000000e+02,1.000000e+02,1.000000e+02,1.000000e+02,1.000000e+02,1.000000e+02,1.000000e+02,1.000000e+02,1.000000e+02,1.000000e+02,1.000000e+02,1.000000e+02,1.000000e+02,1.000000e+02,1.000000e+02,1.000000e+02,1.000000e+02,1.000000e+02,1.000000e+02,1.000000e+02,1.000000e+02,1.000000e+02,1.000000e+02,1.000000e+02,
0.145,1.000000e+02,1.000000e+02,1.000000e+02,1.000000e+02,1.000000e+02,1.000000e+02,1.000000e+02,1.000000e+02,1.000000e+02,1.000000e+02,1.000000e+02,1.000000e+02,1.000000e+02,1.000000e+02,1.000000e+02,1.000000e+02,1.000000e+02,1.000000e+02,1.000000e+02,1.000000e+02,1.000000e+02,1.000000e+02,1.000000e+02,1.000000e+02,1.000000e+02,1.000000e+02,1.000000e+02,1.000000e+02,1.000000e+02,1.000000e+02,1.000000e+02,1.000000e+02,1.000000e+02,1.000000e+02,1.000000e+02,1.000000e+02,1.000000e+02,1.000000e+02,1.000000e+02,1.000000e+02,1.000000e+02,1.000000e+02,1.000000e+02,1.000000e+02,1.000000e+02,1.000000e+02,1.000000e+02,1.000000e+02,1.000000e+02,1.000000e+02,1.000000e+02,1.000000e+02,1.000000e+02,1.000000e+02,1.000000e+02,1.000000e+02,1.000000e+02,1.000000e+02,1.000000e+02,1.000000e+02,1.000000e+02,1.000000e+02,1.000000e+02,1.000000e+02,1.000000e+02,1.000000e+02,1.000000e+02,1.000000e+02,1.000000e+02,1.000000e+02,1.000000e+02,1.000000e+02,1.000000e+02,1.000000e+02,1.000000e+02,1.000000e+02,1.000000e+02,1.000000e+02,1.000000e+02,1.000000e+02,1.000000e+02,1.000000e+02,1.000000e+02,1.000000e+02,1.000000e+02,1.000000e+02,1.000000e+02,1.000000e+02,1.000000e+02,1.000000e+02,1.000000e+02,1.000000e+02,1.000000e+02,1.000000e+02,1.000000e+02,1.000000e+02,1.000000e+02,1.000000e+02,1.000000e+02,1.000000e+02,1.000000e+02,1.000000e+02,1.000000e+02,1.000000e+02,1.000000e+02,1.000000e+02,1.000000e+02,1.000000e+02,1.000000e+02,1.000000e+02,1.000000e+02,1.000000e+02,1.000000e+02,1.000000e+02,1.000000e+02,1.000000e+02,1.000000e+02,1.000000e+02,1.000000e+02,1.000000e+02,1.000000e+02,1.000000e+02,1.000000e+02,1.000000e+02,1.000000e+02,1.000000e+02,1.000000e+02,1.000000e+02,1.000000e+02,1.000000e+02,1.000000e+02,1.000000e+02,1.000000e+02,1.000000e+02,1.000000e+02,1.000000e+02,1.000000e+02,1.000000e+02,1.000000e+02,1.000000e+02,1.000000e+02,1.000000e+02,1.000000e+02,1.000000e+02,1.000000e+02,1.000000e+02,1.000000e+02,1.000000e+02,1.000000e+02,1.000000e+02,1.000000e+02,1.000000e+02,1.000000e+02,1.000000e+02,1.000000e+02,1.000000e+02,1.000000e+02,1.000000e+02,1.000000e+02,1.000000e+02,1.000000e+02,1.000000e+02,1.000000e+02,1.000000e+02,1.000000e+02,1.000000e+02,1.000000e+02,1.000000e+02,1.000000e+02,1.000000e+02,1.000000e+02,1.000000e+02,1.000000e+02,1.000000e+02,1.000000e+02,1.000000e+02,1.000000e+02,1.000000e+02,1.000000e+02,1.000000e+02,1.000000e+02,1.000000e+02,1.000000e+02,1.000000e+02,1.000000e+02,1.000000e+02,1.000000e+02,1.000000e+02,1.000000e+02,1.000000e+02,1.000000e+02,1.000000e+02,1.000000e+02,1.000000e+02,1.000000e+02,1.000000e+02,1.000000e+02,1.000000e+02,1.000000e+02,1.000000e+02,
0.15,1.000000e+02,1.000000e+02,1.000000e+02,1.000000e+02,1.000000e+02,1.000000e+02,1.000000e+02,1.000000e+02,1.000000e+02,1.000000e+02,1.000000e+02,1.000000e+02,1.000000e+02,1.000000e+02,1.000000e+02,1.000000e+02,1.000000e+02,1.000000e+02,1.000000e+02,1.000000e+02,1.000000e+02,1.000000e+02,1.000000e+02,1.000000e+02,1.000000e+02,1.000000e+02,1.000000e+02,1.000000e+02,1.000000e+02,1.000000e+02,1.000000e+02,1.000000e+02,1.000000e+02,1.000000e+02,1.000000e+02,1.000000e+02,1.000000e+02,1.000000e+02,1.000000e+02,1.000000e+02,1.000000e+02,1.000000e+02,1.000000e+02,1.000000e+02,1.000000e+02,1.000000e+02,1.000000e+02,1.000000e+02,1.000000e+02,1.000000e+02,1.000000e+02,1.000000e+02,1.000000e+02,1.000000e+02,1.000000e+02,1.000000e+02,1.000000e+02,1.000000e+02,1.000000e+02,1.000000e+02,1.000000e+02,1.000000e+02,1.000000e+02,1.000000e+02,1.000000e+02,1.000000e+02,1.000000e+02,1.000000e+02,1.000000e+02,1.000000e+02,1.000000e+02,1.000000e+02,1.000000e+02,1.000000e+02,1.000000e+02,1.000000e+02,1.000000e+02,1.000000e+02,1.000000e+02,1.000000e+02,1.000000e+02,1.000000e+02,1.000000e+02,1.000000e+02,1.000000e+02,1.000000e+02,1.000000e+02,1.000000e+02,1.000000e+02,1.000000e+02,1.000000e+02,1.000000e+02,1.000000e+02,1.000000e+02,1.000000e+02,1.000000e+02,1.000000e+02,1.000000e+02,1.000000e+02,1.000000e+02,1.000000e+02,1.000000e+02,1.000000e+02,1.000000e+02,1.000000e+02,1.000000e+02,1.000000e+02,1.000000e+02,1.000000e+02,1.000000e+02,1.000000e+02,1.000000e+02,1.000000e+02,1.000000e+02,1.000000e+02,1.000000e+02,1.000000e+02,1.000000e+02,1.000000e+02,1.000000e+02,1.000000e+02,1.000000e+02,1.000000e+02,1.000000e+02,1.000000e+02,1.000000e+02,1.000000e+02,1.000000e+02,1.000000e+02,1.000000e+02,1.000000e+02,1.000000e+02,1.000000e+02,1.000000e+02,1.000000e+02,1.000000e+02,1.000000e+02,1.000000e+02,1.000000e+02,1.000000e+02,1.000000e+02,1.000000e+02,1.000000e+02,1.000000e+02,1.000000e+02,1.000000e+02,1.000000e+02,1.000000e+02,1.000000e+02,1.000000e+02,1.000000e+02,1.000000e+02,1.000000e+02,1.000000e+02,1.000000e+02,1.000000e+02,1.000000e+02,1.000000e+02,1.000000e+02,1.000000e+02,1.000000e+02,1.000000e+02,1.000000e+02,1.000000e+02,1.000000e+02,1.000000e+02,1.000000e+02,1.000000e+02,1.000000e+02,1.000000e+02,1.000000e+02,1.000000e+02,1.000000e+02,1.000000e+02,1.000000e+02,1.000000e+02,1.000000e+02,1.000000e+02,1.000000e+02,1.000000e+02,1.000000e+02,1.000000e+02,1.000000e+02,1.000000e+02,1.000000e+02,1.000000e+02,1.000000e+02,1.000000e+02,1.000000e+02,1.000000e+02,1.000000e+02,1.000000e+02,1.000000e+02,1.000000e+02,1.000000e+02,1.000000e+02,1.000000e+02,1.000000e+02,1.000000e+02,1.000000e+02,
0.155,1.000000e+02,1.000000e+02,1.000000e+02,1.000000e+02,1.000000e+02,1.000000e+02,1.000000e+02,1.000000e+02,1.000000e+02,1.000000e+02,1.000000e+02,1.000000e+02,1.000000e+02,1.000000e+02,1.000000e+02,1.000000e+02,1.000000e+02,1.000000e+02,1.000000e+02,1.000000e+02,1.000000e+02,1.000000e+02,1.000000e+02,1.000000e+02,1.000000e+02,1.000000e+02,1.000000e+02,1.000000e+02,1.000000e+02,1.000000e+02,1.000000e+02,1.000000e+02,1.000000e+02,1.000000e+02,1.000000e+02,1.000000e+02,1.000000e+02,1.000000e+02,1.000000e+02,1.000000e+02,1.000000e+02,1.000000e+02,1.000000e+02,1.000000e+02,1.000000e+02,1.000000e+02,1.000000e+02,1.000000e+02,1.000000e+02,1.000000e+02,1.000000e+02,1.000000e+02,1.000000e+02,1.000000e+02,1.000000e+02,1.000000e+02,1.000000e+02,1.000000e+02,1.000000e+02,1.000000e+02,1.000000e+02,1.000000e+02,1.000000e+02,1.000000e+02,1.000000e+02,1.000000e+02,1.000000e+02,1.000000e+02,1.000000e+02,1.000000e+02,1.000000e+02,1.000000e+02,1.000000e+02,1.000000e+02,1.000000e+02,1.000000e+02,1.000000e+02,1.000000e+02,1.000000e+02,1.000000e+02,1.000000e+02,1.000000e+02,1.000000e+02,1.000000e+02,1.000000e+02,1.000000e+02,1.000000e+02,1.000000e+02,1.000000e+02,1.000000e+02,1.000000e+02,1.000000e+02,1.000000e+02,1.000000e+02,1.000000e+02,1.000000e+02,1.000000e+02,1.000000e+02,1.000000e+02,1.000000e+02,1.000000e+02,1.000000e+02,1.000000e+02,1.000000e+02,1.000000e+02,1.000000e+02,1.000000e+02,1.000000e+02,1.000000e+02,1.000000e+02,1.000000e+02,1.000000e+02,1.000000e+02,1.000000e+02,1.000000e+02,1.000000e+02,1.000000e+02,1.000000e+02,1.000000e+02,1.000000e+02,1.000000e+02,1.000000e+02,1.000000e+02,1.000000e+02,1.000000e+02,1.000000e+02,1.000000e+02,1.000000e+02,1.000000e+02,1.000000e+02,1.000000e+02,1.000000e+02,1.000000e+02,1.000000e+02,1.000000e+02,1.000000e+02,1.000000e+02,1.000000e+02,1.000000e+02,1.000000e+02,1.000000e+02,1.000000e+02,1.000000e+02,1.000000e+02,1.000000e+02,1.000000e+02,1.000000e+02,1.000000e+02,1.000000e+02,1.000000e+02,1.000000e+02,1.000000e+02,1.000000e+02,1.000000e+02,1.000000e+02,1.000000e+02,1.000000e+02,1.000000e+02,1.000000e+02,1.000000e+02,1.000000e+02,1.000000e+02,1.000000e+02,1.000000e+02,1.000000e+02,1.000000e+02,1.000000e+02,1.000000e+02,1.000000e+02,1.000000e+02,1.000000e+02,1.000000e+02,1.000000e+02,1.000000e+02,1.000000e+02,1.000000e+02,1.000000e+02,1.000000e+02,1.000000e+02,1.000000e+02,1.000000e+02,1.000000e+02,1.000000e+02,1.000000e+02,1.000000e+02,1.000000e+02,1.000000e+02,1.000000e+02,1.000000e+02,1.000000e+02,1.000000e+02,1.000000e+02,1.000000e+02,1.000000e+02,1.000000e+02,1.000000e+02,1.000000e+02,1.000000e+02,1.000000e+02,1.000000e+02,
0.16,1.000000e+02,1.000000e+02,1.000000e+02,1.000000e+02,1.000000e+02,1.000000e+02,1.000000e+02,1.000000e+02,1.000000e+02,1.000000e+02,1.000000e+02,1.000000e+02,1.000000e+02,1.000000e+02,1.000000e+02,1.000000e+02,1.000000e+02,1.000000e+02,1.000000e+02,1.000000e+02,1.000000e+02,1.000000e+02,1.000000e+02,1.000000e+02,1.000000e+02,1.000000e+02,1.000000e+02,1.000000e+02,1.000000e+02,1.000000e+02,1.000000e+02,1.000000e+02,1.000000e+02,1.000000e+02,1.000000e+02,1.000000e+02,1.000001e+02,1.000001e+02,1.000001e+02,1.000001e+02,1.000001e+02,1.000001e+02,1.000001e+02,1.000001e+02,1.000001e+02,1.000001e+02,1.000001e+02,1.000001e+02,1.000001e+02,1.000001e+02,1.000001e+02,1.000001e+02,1.000001e+02,1.000001e+02,1.000001e+02,1.000001e+02,1.000001e+02,1.000001e+02,1.000001e+02,1.000001e+02,1.000001e+02,1.000001e+02,1.000001e+02,1.000001e+02,1.000001e+02,1.000001e+02,1.000001e+02,1.000001e+02,1.000001e+02,1.000001e+02,1.000001e+02,1.000001e+02,1.000001e+02,1.000001e+02,1.000001e+02,1.000001e+02,1.000001e+02,1.000001e+02,1.000001e+02,1.000001e+02,1.000001e+02,1.000001e+02,1.000001e+02,1.000001e+02,1.000001e+02,1.000001e+02,1.000001e+02,1.000001e+02,1.000001e+02,1.000001e+02,1.000001e+02,1.000001e+02,1.000001e+02,1.000001e+02,1.000001e+02,1.000001e+02,1.000001e+02,1.000001e+02,1.000001e+02,1.000001e+02,1.000001e+02,1.000001e+02,1.000001e+02,1.000001e+02,1.000001e+02,1.000001e+02,1.000001e+02,1.000001e+02,1.000001e+02,1.000001e+02,1.000001e+02,1.000001e+02,1.000001e+02,1.000001e+02,1.000001e+02,1.000001e+02,1.000001e+02,1.000001e+02,1.000001e+02,1.000001e+02,1.000001e+02,1.000001e+02,1.000001e+02,1.000001e+02,1.000001e+02,1.000001e+02,1.000001e+02,1.000001e+02,1.000001e+02,1.000001e+02,1.000001e+02,1.000001e+02,1.000001e+02,1.000001e+02,1.000001e+02,1.000001e+02,1.000001e+02,1.000001e+02,1.000001e+02,1.000001e+02,1.000001e+02,1.000001e+02,1.000001e+02,1.000001e+02,1.000001e+02,1.000001e+02,1.000001e+02,1.000001e+02,1.000001e+02,1.000001e+02,1.000001e+02,1.000001e+02,1.000001e+02,1.000001e+02,1.000001e+02,1.000001e+02,1.000001e+02,1.000001e+02,1.000001e+02,1.000001e+02,1.000001e+02,1.000001e+02,1.000001e+02,1.000001e+02,1.000001e+02,1.000001e+02,1.000001e+02,1.000001e+02,1.000001e+02,1.000001e+02,1.000001e+02,1.000001e+02,1.000001e+02,1.000001e+02,1.000001e+02,1.000001e+02,1.000001e+02,1.000001e+02,1.000001e+02,1.000001e+02,1.000001e+02,1.000001e+02,1.000001e+02,1.000001e+02,1.000001e+02,1.000001e+02,1.000001e+02,1.000001e+02,1.000001e+02,1.000001e+02,1.000001e+02,1.000001e+02,1.000001e+02,1.000001e+02,1.000001e+02,1.000001e+02,1.000001e+02,1.000000e+02,1.000000e+02,1.000000e+02,
0.165,1.000000e+02,1.000000e+02,1.000000e+02,1.000000e+02,1.000000e+02,1.000000e+02,1.000000e+02,1.000000e+02,1.000000e+02,1.000000e+02,1.000000e+02,1.000000e+02,1.000000e+02,1.000000e+02,1.000000e+02,1.000000e+02,1.000000e+02,1.000000e+02,1.000000e+02,1.000000e+02,1.000000e+02,1.000000e+02,1.000000e+02,1.000000e+02,1.000001e+02,1.000001e+02,1.000001e+02,1.000001e+02,1.000001e+02,1.000001e+02,1.000001e+02,1.000001e+02,1.000001e+02,1.000001e+02,1.000001e+02,1.000001e+02,1.000001e+02,1.000001e+02,1.000001e+02,1.000001e+02,1.000001e+02,1.000001e+02,1.000001e+02,1.000001e+02,1.000001e+02,1.000001e+02,1.000001e+02,1.000001e+02,1.000001e+02,1.000001e+02,1.000001e+02,1.000001e+02,1.000001e+02,1.000001e+02,1.000001e+02,1.000001e+02,1.000001e+02,1.000001e+02,1.000001e+02,1.000001e+02,1.000001e+02,1.000001e+02,1.000001e+02,1.000001e+02,1.000001e+02,1.000001e+02,1.000001e+02,1.000001e+02,1.000001e+02,1.000001e+02,1.000001e+02,1.000001e+02,1.000001e+02,1.000001e+02,1.000001e+02,1.000001e+02,1.000001e+02,1.000001e+02,1.000001e+02,1.000001e+02,1.000001e+02,1.000001e+02,1.000001e+02,1.000001e+02,1.000001e+02,1.000001e+02,1.000001e+02,1.000001e+02,1.000001e+02,1.000001e+02,1.000001e+02,1.000001e+02,1.000001e+02,1.000001e+02,1.000001e+02,1.000001e+02,1.000001e+02,1.000001e+02,1.000001e+02,1.000001e+02,1.000001e+02,1.000001e+02,1.000001e+02,1.000001e+02,1.000001e+02,1.000001e+02,1.000001e+02,1.000001e+02,1.000001e+02,1.000001e+02,1.000001e+02,1.000001e+02,1.000001e+02,1.000001e+02,1.000001e+02,1.000001e+02,1.000001e+02,1.000001e+02,1.000001e+02,1.000001e+02,1.000001e+02,1.000001e+02,1.000001e+02,1.000001e+02,1.000001e+02,1.000001e+02,1.000001e+02,1.000001e+02,1.000001e+02,1.000001e+02,1.000001e+02,1.000001e+02,1.000001e+02,1.000001e+02,1.000001e+02,1.000001e+02,1.000001e+02,1.000001e+02,1.000001e+02,1.000001e+02,1.000001e+02,1.000001e+02,1.000001e+02,1.000001e+02,1.000001e+02,1.000001e+02,1.000001e+02,1.000001e+02,1.000001e+02,1.000001e+02,1.000001e+02,1.000001e+02,1.000001e+02,1.000001e+02,1.000001e+02,1.000001e+02,1.000001e+02,1.000001e+02,1.000001e+02,1.000001e+02,1.000001e+02,1.000001e+02,1.000001e+02,1.000001e+02,1.000001e+02,1.000001e+02,1.000001e+02,1.000001e+02,1.000001e+02,1.000001e+02,1.000001e+02,1.000001e+02,1.000001e+02,1.000001e+02,1.000001e+02,1.000001e+02,1.000001e+02,1.000001e+02,1.000001e+02,1.000001e+02,1.000001e+02,1.000001e+02,1.000001e+02,1.000001e+02,1.000001e+02,1.000001e+02,1.000001e+02,1.000001e+02,1.000001e+02,1.000001e+02,1.000001e+02,1.000001e+02,1.000001e+02,1.000001e+02,1.000001e+02,1.000001e+02,1.000001e+02,1.000001e+02,1.000001e+02,1.000000e+02,
0.17,1.000000e+02,1.000000e+02,1.000000e+02,1.000000e+02,1.000000e+02,1.000000e+02,1.000000e+02,1.000000e+02,1.000000e+02,1.000000e+02,1.000000e+02,1.000000e+02,1.000000e+02,1.000000e+02,1.000000e+02,1.000000e+02,1.000000e+02,1.000000e+02,1.000001e+02,1.000001e+02,1.000001e+02,1.000001e+02,1.000001e+02,1.000001e+02,1.000001e+02,1.000001e+02,1.000001e+02,1.000001e+02,1.000002e+02,1.000002e+02,1.000002e+02,1.000002e+02,1.000002e+02,1.000002e+02,1.000002e+02,1.000002e+02,1.000002e+02,1.000002e+02,1.000002e+02,1.000002e+02,1.000002e+02,1.000003e+02,1.000003e+02,1.000003e+02,1.000003e+02,1.000003e+02,1.000003e+02,1.000003e+02,1.000003e+02,1.000003e+02,1.000003e+02,1.000003e+02,1.000003e+02,1.000003e+02,1.000003e+02,1.000003e+02,1.000003e+02,1.000003e+02,1.000003e+02,1.000003e+02,1.000003e+02,1.000003e+02,1.000003e+02,1.000003e+02,1.000003e+02,1.000003e+02,1.000003e+02,1.000003e+02,1.000003e+02,1.000003e+02,1.000003e+02,1.000003e+02,1.000003e+02,1.000003e+02,1.000003e+02,1.000003e+02,1.000003e+02,1.000003e+02,1.000003e+02,1.000003e+02,1.000003e+02,1.000003e+02,1.000003e+02,1.000003e+02,1.000003e+02,1.000003e+02,1.000003e+02,1.000003e+02,1.000003e+02,1.000003e+02,1.000003e+02,1.000003e+02,1.000003e+02,1.000003e+02,1.000003e+02,1.000003e+02,1.000003e+02,1.000003e+02,1.000003e+02,1.000003e+02,1.000003e+02,1.000003e+02,1.000003e+02,1.000003e+02,1.000003e+02,1.000003e+02,1.000003e+02,1.000003e+02,1.000003e+02,1.000003e+02,1.000003e+02,1.000003e+02,1.000003e+02,1.000003e+02,1.000003e+02,1.000003e+02,1.000003e+02,1.000003e+02,1.000003e+02,1.000003e+02,1.000003e+02,1.000003e+02,1.000003e+02,1.000003e+02,1.000003e+02,1.000003e+02,1.000003e+02,1.000003e+02,1.000003e+02,1.000003e+02,1.000003e+02,1.000003e+02,1.000003e+02,1.000003e+02,1.000003e+02,1.000003e+02,1.000003e+02,1.000003e+02,1.000003e+02,1.000003e+02,1.000003e+02,1.000003e+02,1.000003e+02,1.000003e+02,1.000003e+02,1.000003e+02,1.000003e+02,1.000003e+02,1.000003e+02,1.000003e+02,1.000003e+02,1.000003e+02,1.000003e+02,1.000003e+02,1.000003e+02,1.000003e+02,1.000003e+02,1.000003e+02,1.000003e+02,1.000003e+02,1.000003e+02,1.000003e+02,1.000003e+02,1.000003e+02,1.000003e+02,1.000003e+02,1.000003e+02,1.000003e+02,1.000003e+02,1.000003e+02,1.000003e+02,1.000003e+02,1.000003e+02,1.000003e+02,1.000003e+02,1.000003e+02,1.000003e+02,1.000003e+02,1.000003e+02,1.000003e+02,1.000003e+02,1.000003e+02,1.000003e+02,1.000003e+02,1.000003e+02,1.000003e+02,1.000003e+02,1.000003e+02,1.000003e+02,1.000003e+02,1.000003e+02,1.000003e+02,1.000003e+02,1.000003e+02,1.000003e+02,1.000002e+02,1.000002e+02,1.000002e+02,1.000001e+02,1.000000e+02,
0.175,1.000000e+02,1.000000e+02,1.000000e+02,1.000000e+02,1.000000e+02,1.000000e+02,1.000000e+02,1.000000e+02,1.000000e+02,1.000000e+02,1.000000e+02,1.000000e+02,1.000000e+02,1.000001e+02,1.000001e+02,1.000001e+02,1.000001e+02,1.000001e+02,1.000001e+02,1.000001e+02,1.000002e+02,1.000002e+02,1.000002e+02,1.000002e+02,1.000002e+02,1.000003e+02,1.000003e+02,1.000003e+02,1.000003e+02,1.000003e+02,1.000004e+02,1.000004e+02,1.000004e+02,1.000004e+02,1.000004e+02,1.000004e+02,1.000004e+02,1.000005e+02,1.000005e+02,1.000005e+02,1.000005e+02,1.000005e+02,1.000005e+02,1.000005e+02,1.000005e+02,1.000005e+02,1.000005e+02,1.000005e+02,1.000005e+02,1.000005e+02,1.000005e+02,1.000005e+02,1.000005e+02,1.000005e+02,1.000005e+02,1.000005e+02,1.000006e+02,1.000006e+02,1.000006e+02,1.000006e+02,1.000006e+02,1.000006e+02,1.000006e+02,1.000006e+02,1.000006e+02,1.000006e+02,1.000006e+02,1.000006e+02,1.000006e+02,1.000006e+02,1.000006e+02,1.000006e+02,1.000006e+02,1.000006e+02,1.000006e+02,1.000006e+02,1.000006e+02,1.000006e+02,1.000006e+02,1.000006e+02,1.000006e+02,1.000006e+02,1.000006e+02,1.000006e+02,1.000006e+02,1.000006e+02,1.000006e+02,1.000006e+02,1.000006e+02,1.000006e+02,1.000006e+02,1.000006e+02,1.000006e+02,1.000006e+02,1.000006e+02,1.000006e+02,1.000006e+02,1.000006e+02,1.000006e+02,1.000006e+02,1.000006e+02,1.000006e+02,1.000006e+02,1.000006e+02,1.000006e+02,1.000006e+02,1.000006e+02,1.000006e+02,1.000006e+02,1.000006e+02,1.000006e+02,1.000006e+02,1.000006e+02,1.000006e+02,1.000006e+02,1.000006e+02,1.000006e+02,1.000006e+02,1.000006e+02,1.000006e+02,1.000006e+02,1.000006e+02,1.000006e+02,1.000006e+02,1.000006e+02,1.000006e+02,1.000006e+02,1.000006e+02,1.000006e+02,1.000006e+02,1.000006e+02,1.000006e+02,1.000006e+02,1.000006e+02,1.000006e+02,1.000006e+02,1.000006e+02,1.000006e+02,1.000006e+02,1.000006e+02,1.000006e+02,1.000006e+02,1.000006e+02,1.000006e+02,1.000006e+02,1.000006e+02,1.000006e+02,1.000006e+02,1.000006e+02,1.000006e+02,1.000006e+02,1.000006e+02,1.000006e+02,1.000006e+02,1.000006e+02,1.000006e+02,1.000006e+02,1.000006e+02,1.000006e+02,1.000006e+02,1.000006e+02,1.000006e+02,1.000006e+02,1.000006e+02,1.000006e+02,1.000006e+02,1.000006e+02,1.000006e+02,1.000006e+02,1.000006e+02,1.000006e+02,1.000006e+02,1.000006e+02,1.000006e+02,1.000006e+02,1.000006e+02,1.000006e+02,1.000006e+02,1.000006e+02,1.000006e+02,1.000006e+02,1.000006e+02,1.000006e+02,1.000006e+02,1.000006e+02,1.000006e+02,1.000006e+02,1.000006e+02,1.000006e+02,1.000006e+02,1.000006e+02,1.000005e+02,1.000005e+02,1.000005e+02,1.000005e+02,1.000004e+02,1.000004e+02,1.000003e+02,1.000002e+02,1.000000e+02,
0.18,1.000000e+02,1.000000e+02,1.000000e+02,1.000000e+02,1.000000e+02,1.000000e+02,1.000000e+02,1.000000e+02,1.000000e+02,1.000001e+02,1.000001e+02,1.000001e+02,1.000001e+02,1.000001e+02,1.000002e+02,1.000002e+02,1.000002e+02,1.000002e+02,1.000003e+02,1.000003e+02,1.000003e+02,1.000004e+02,1.000004e+02,1.000005e+02,1.000005e+02,1.000005e+02,1.000006e+02,1.000006e+02,1.000006e+02,1.000007e+02,1.000007e+02,1.000007e+02,1.000007e+02,1.000008e+02,1.000008e+02,1.000008e+02,1.000008e+02,1.000009e+02,1.000009e+02,1.000009e+02,1.000009e+02,1.000009e+02,1.000009e+02,1.000010e+02,1.000010e+02,1.000010e+02,1.000010e+02,1.000010e+02,1.000010e+02,1.000010e+02,1.000010e+02,1.000010e+02,1.000010e+02,1.000010e+02,1.000010e+02,1.000010e+02,1.000010e+02,1.000010e+02,1.000010e+02,1.000010e+02,1.000010e+02,1.000010e+02,1.000010e+02,1.000010e+02,1.000010e+02,1.000010e+02,1.000010e+02,1.000010e+02,1.000010e+02,1.000010e+02,1.000010e+02,1.000010e+02,1.000010e+02,1.000010e+02,1.000010e+02,1.000010e+02,1.000010e+02,1.000010e+02,1.000010e+02,1.000010e+02,1.000010e+02,1.000010e+02,1.000010e+02,1.000010e+02,1.000010e+02,1.000010e+02,1.000010e+02,1.000010e+02,1.000010e+02,1.000010e+02,1.000010e+02,1.000010e+02,1.000010e+02,1.000010e+02,1.000010e+02,1.000010e+02,1.000010e+02,1.000010e+02,1.000010e+02,1.000010e+02,1.000010e+02,1.000010e+02,1.000010e+02,1.000010e+02,1.000010e+02,1.000010e+02,1.000010e+02,1.000010e+02,1.000010e+02,1.000010e+02,1.000010e+02,1.000010e+02,1.000010e+02,1.000010e+02,1.000010e+02,1.000010e+02,1.000010e+02,1.000010e+02,1.000010e+02,1.000010e+02,1.000010e+02,1.000010e+02,1.000010e+02,1.000010e+02,1.000010e+02,1.000010e+02,1.000010e+02,1.000010e+02,1.000010e+02,1.000010e+02,1.000010e+02,1.000010e+02,1.000010e+02,1.000010e+02,1.000010e+02,1.000010e+02,1.000010e+02,1.000010e+02,1.000010e+02,1.000010e+02,1.000010e+02,1.000010e+02,1.000010e+02,1.000010e+02,1.000010e+02,1.000010e+02,1.000010e+02,1.000010e+02,1.000010e+02,1.000010e+02,1.000010e+02,1.000010e+02,1.000010e+02,1.000010e+02,1.000010e+02,1.000010e+02,1.000010e+02,1.000010e+02,1.000010e+02,1.000010e+02,1.000010e+02,1.000010e+02,1.000010e+02,1.000010e+02,1.000010e+02,1.000010e+02,1.000010e+02,1.000010e+02,1.000010e+02,1.000010e+02,1.000010e+02,1.000010e+02,1.000010e+02,1.000010e+02,1.000010e+02,1.000010e+02,1.000010e+02,1.000010e+02,1.000010e+02,1.000010e+02,1.000010e+02,1.000010e+02,1.000010e+02,1.000010e+02,1.000010e+02,1.000010e+02,1.000010e+02,1.000010e+02,1.000010e+02,1.000010e+02,1.000010e+02,1.000010e+02,1.000010e+02,1.000009e+02,1.000009e+02,1.000008e+02,1.000007e+02,1.000005e+02,1.000003e+02,1.000000e+02,
0.185,1.000000e+02,1.000000e+02,1.000000e+02,1.000000e+02,1.000000e+02,1.000000e+02,1.000001e+02,1.000001e+02,1.000001e+02,1.000001e+02,1.000002e+02,1.000002e+02,1.000002e+02,1.000003e+02,1.000003e+02,1.000004e+02,1.000004e+02,1.000005e+02,1.000005e+02,1.000006e+02,1.000007e+02,1.000007e+02,1.000008e+02,1.000009e+02,1.000009e+02,1.000010e+02,1.000011e+02,1.000011e+02,1.000012e+02,1.000012e+02,1.000013e+02,1.000013e+02,1.000014e+02,1.000014e+02,1.000015e+02,1.000015e+02,1.000016e+02,1.000016e+02,1.000016e+02,1.000016e+02,1.000017e+02,1.000017e+02,1.000017e+02,1.000017e+02,1.000017e+02,1.000018e+02,1.000018e+02,1.000018e+02,1.000018e+02,1.000018e+02,1.000018e+02,1.000018e+02,1.000018e+02,1.000018e+02,1.000018e+02,1.000018e+02,1.000018e+02,1.000018e+02,1.000018e+02,1.000018e+02,1.000019e+02,1.000019e+02,1.000019e+02,1.000019e+02,1.000019e+02,1.000019e+02,1.000019e+02,1.000019e+02,1.000019e+02,1.000019e+02,1.000019e+02,1.000019e+02,1.000019e+02,1.000019e+02,1.000019e+02,1.000019e+02,1.000019e+02,1.000019e+02,1.000019e+02,1.000019e+02,1.000019e+02,1.000019e+02,1.000019e+02,1.000019e+02,1.000019e+02,1.000019e+02,1.000019e+02,1.000019e+02,1.000019e+02,1.000019e+02,1.000019e+02,1.000019e+02,1.000019e+02,1.000019e+02,1.000019e+02,1.000019e+02,1.000019e+02,1.000019e+02,1.000019e+02,1.000019e+02,1.000019e+02,1.000019e+02,1.000019e+02,1.000019e+02,1.000019e+02,1.000019e+02,1.000019e+02,1.000019e+02,1.000019e+02,1.000019e+02,1.000019e+02,1.000019e+02,1.000019e+02,1.000019e+02,1.000019e+02,1.000019e+02,1.000019e+02,1.000019e+02,1.000019e+02,1.000019e+02,1.000019e+02,1.000019e+02,1.000019e+02,1.000019e+02,1.000019e+02,1.000019e+02,1.000019e+02,1.000019e+02,1.000019e+02,1.000019e+02,1.000019e+02,1.000019e+02,1.000019e+02,1.000019e+02,1.000019e+02,1.000019e+02,1.000019e+02,1.000019e+02,1.000019e+02,1.000019e+02,1.000019e+02,1.000019e+02,1.000019e+02,1.000019e+02,1.000019e+02,1.000019e+02,1.000019e+02,1.000019e+02,1.000019e+02,1.000019e+02,1.000019e+02,1.000019e+02,1.000019e+02,1.000019e+02,1.000019e+02,1.000019e+02,1.000019e+02,1.000019e+02,1.000019e+02,1.000019e+02,1.000019e+02,1.000019e+02,1.000019e+02,1.000019e+02,1.000019e+02,1.000019e+02,1.000019e+02,1.000019e+02,1.000019e+02,1.000019e+02,1.000019e+02,1.000019e+02,1.000019e+02,1.000019e+02,1.000019e+02,1.000019e+02,1.000019e+02,1.000019e+02,1.000019e+02,1.000019e+02,1.000019e+02,1.000019e+02,1.000019e+02,1.000019e+02,1.000019e+02,1.000019e+02,1.000019e+02,1.000019e+02,1.000018e+02,1.000018e+02,1.000018e+02,1.000018e+02,1.000017e+02,1.000017e+02,1.000015e+02,1.000014e+02,1.000012e+02,1.000009e+02,1.000005e+02,1.000000e+02,
0.19,1.000000e+02,1.000000e+02,1.000000e+02,1.000000e+02,1.000001e+02,1.000001e+02,1.000001e+02,1.000002e+02,1.000002e+02,1.000003e+02,1.000003e+02,1.000004e+02,1.000005e+02,1.000006e+02,1.000006e+02,1.000007e+02,1.000008e+02,1.000009e+02,1.000011e+02,1.000012e+02,1.000013e+02,1.000014e+02,1.000015e+02,1.000016e+02,1.000017e+02,1.000018e+02,1.000020e+02,1.000021e+02,1.000022e+02,1.000022e+02,1.000023e+02,1.000024e+02,1.000025e+02,1.000026e+02,1.000026e+02,1.000027e+02,1.000028e+02,1.000028e+02,1.000029e+02,1.000029e+02,1.000030e+02,1.000030e+02,1.000030e+02,1.000031e+02,1.000031e+02,1.000031e+02,1.000031e+02,1.000031e+02,1.000032e+02,1.000032e+02,1.000032e+02,1.000032e+02,1.000032e+02,1.000032e+02,1.000032e+02,1.000032e+02,1.000032e+02,1.000032e+02,1.000032e+02,1.000032e+02,1.000032e+02,1.000032e+02,1.000032e+02,1.000032e+02,1.000032e+02,1.000032e+02,1.000033e+02,1.000033e+02,1.000033e+02,1.000033e+02,1.000033e+02,1.000033e+02,1.000033e+02,1.000033e+02,1.000033e+02,1.000033e+02,1.000033e+02,1.000033e+02,1.000033e+02,1.000033e+02,1.000033e+02,1.000033e+02,1.000033e+02,1.000033e+02,1.000033e+02,1.000033e+02,1.000033e+02,1.000033e+02,1.000033e+02,1.000033e+02,1.000033e+02,1.000033e+02,1.000033e+02,1.000033e+02,1.000033e+02,1.000033e+02,1.000033e+02,1.000033e+02,1.000033e+02,1.000033e+02,1.000033e+02,1.000033e+02,1.000033e+02,1.000033e+02,1.000033e+02,1.000033e+02,1.000033e+02,1.000033e+02,1.000033e+02,1.000033e+02,1.000033e+02,1.000033e+02,1.000033e+02,1.000033e+02,1.000033e+02,1.000033e+02,1.000033e+02,1.000033e+02,1.000033e+02,1.000033e+02,1.000033e+02,1.000033e+02,1.000033e+02,1.000033e+02,1.000033e+02,1.000033e+02,1.000033e+02,1.000033e+02,1.000033e+02,1.000033e+02,1.000033e+02,1.000033e+02,1.000033e+02,1.000033e+02,1.000033e+02,1.000033e+02,1.000033e+02,1.000033e+02,1.000033e+02,1.000033e+02,1.000033e+02,1.000033e+02,1.000033e+02,1.000033e+02,1.000033e+02,1.000033e+02,1.000033e+02,1.000033e+02,1.000033e+02,1.000033e+02,1.000033e+02,1.000033e+02,1.000033e+02,1.000033e+02,1.000033e+02,1.000033e+02,1.000033e+02,1.000033e+02,1.000033e+02,1.000033e+02,1.000033e+02,1.000033e+02,1.000033e+02,1.000033e+02,1.000033e+02,1.000033e+02,1.000033e+02,1.000033e+02,1.000033e+02,1.000033e+02,1.000033e+02,1.000033e+02,1.000033e+02,1.000033e+02,1.000033e+02,1.000033e+02,1.000033e+02,1.000033e+02,1.000033e+02,1.000033e+02,1.000033e+02,1.000033e+02,1.000033e+02,1.000033e+02,1.000033e+02,1.000033e+02,1.000032e+02,1.000032e+02,1.000032e+02,1.000032e+02,1.000032e+02,1.000031e+02,1.000030e+02,1.000028e+02,1.000026e+02,1.000023e+02,1.000020e+02,1.000015e+02,1.000008e+02,1.000000e+02,
0.195,1.000000e+02,1.000000e+02,1.000001e+02,1.000001e+02,1.000001e+02,1.000002e+02,1.000003e+02,1.000003e+02,1.000004e+02,1.000005e+02,1.000006e+02,1.000008e+02,1.000009e+02,1.000011e+02,1.000012e+02,1.000014e+02,1.000016e+02,1.000018e+02,1.000020e+02,1.000022e+02,1.000023e+02,1.000025e+02,1.000027e+02,1.000029e+02,1.000031e+02,1.000033e+02,1.000035e+02,1.000036e+02,1.000038e+02,1.000040e+02,1.000041e+02,1.000042e+02,1.000044e+02,1.000045e+02,1.000046e+02,1.000047e+02,1.000048e+02,1.000049e+02,1.000050e+02,1.000050e+02,1.000051e+02,1.000051e+02,1.000052e+02,1.000052e+02,1.000053e+02,1.000053e+02,1.000053e+02,1.000054e+02,1.000054e+02,1.000054e+02,1.000054e+02,1.000055e+02,1.000055e+02,1.000055e+02,1.000055e+02,1.000055e+02,1.000055e+02,1.000055e+02,1.000055e+02,1.000055e+02,1.000055e+02,1.000055e+02,1.000055e+02,1.000055e+02,1.000055e+02,1.000055e+02,1.000055e+02,1.000055e+02,1.000055e+02,1.000055e+02,1.000055e+02,1.000055e+02,1.000055e+02,1.000056e+02,1.000056e+02,1.000056e+02,1.000056e+02,1.000056e+02,1.000056e+02,1.000056e+02,1.000056e+02,1.000056e+02,1.000056e+02,1.000056e+02,1.000056e+02,1.000056e+02,1.000056e+02,1.000056e+02,1.000056e+02,1.000056e+02,1.000056e+02,1.000056e+02,1.000056e+02,1.000056e+02,1.000056e+02,1.000056e+02,1.000056e+02,1.000056e+02,1.000056e+02,1.000056e+02,1.000056e+02,1.000056e+02,1.000056e+02,1.000056e+02,1.000056e+02,1.000056e+02,1.000056e+02,1.000056e+02,1.000056e+02,1.000056e+02,1.000056e+02,1.000056e+02,1.000056e+02,1.000056e+02,1.000056e+02,1.000056e+02,1.000056e+02,1.000056e+02,1.000056e+02,1.000056e+02,1.000056e+02,1.000056e+02,1.000056e+02,1.000056e+02,1.000056e+02,1.000056e+02,1.000056e+02,1.000056e+02,1.000056e+02,1.000056e+02,1.000056e+02,1.000056e+02,1.000056e+02,1.000056e+02,1.000056e+02,1.000056e+02,1.000056e+02,1.000056e+02,1.000056e+02,1.000056e+02,1.000056e+02,1.000056e+02,1.000056e+02,1.000056e+02,1.000056e+02,1.000056e+02,1.000056e+02,1.000056e+02,1.000056e+02,1.000056e+02,1.000056e+02,1.000056e+02,1.000056e+02,1.000056e+02,1.000056e+02,1.000056e+02,1.000056e+02,1.000056e+02,1.000056e+02,1.000056e+02,1.000056e+02,1.000056e+02,1.000056e+02,1.000056e+02,1.000056e+02,1.000056e+02,1.000056e+02,1.000056e+02,1.000056e+02,1.000056e+02,1.000056e+02,1.000056e+02,1.000056e+02,1.000056e+02,1.000056e+02,1.000056e+02,1.000056e+02,1.000056e+02,1.000056e+02,1.000056e+02,1.000056e+02,1.000056e+02,1.000056e+02,1.000055e+02,1.000055e+02,1.000055e+02,1.000055e+02,1.000055e+02,1.000055e+02,1.000054e+02,1.000053e+02,1.000052e+02,1.000050e+02,1.000047e+02,1.000043e+02,1.000039e+02,1.000032e+02,1.000024e+02,1.000013e+02,1.000000e+02,
0.2,1.000000e+02,1.000001e+02,1.000001e+02,1.000002e+02,1.000003e+02,1.000004e+02,1.000005e+02,1.000007e+02,1.000008e+02,1.000010e+02,1.000012e+02,1.000015e+02,1.000017e+02,1.000020e+02,1.000023e+02,1.000026e+02,1.000029e+02,1.000032e+02,1.000035e+02,1.000038e+02,1.000042e+02,1.000045e+02,1.000048e+02,1.000051e+02,1.000054e+02,1.000057e+02,1.000060e+02,1.000063e+02,1.000065e+02,1.000068e+02,1.000070e+02,1.000072e+02,1.000074e+02,1.000076e+02,1.000078e+02,1.000079e+02,1.000081e+02,1.000082e+02,1.000083e+02,1.000084e+02,1.000085e+02,1.000086e+02,1.000087e+02,1.000088e+02,1.000088e+02,1.000089e+02,1.000089e+02,1.000090e+02,1.000090e+02,1.000090e+02,1.000091e+02,1.000091e+02,1.000091e+02,1.000091e+02,1.000092e+02,1.000092e+02,1.000092e+02,1.000092e+02,1.000092e+02,1.000092e+02,1.000092e+02,1.000092e+02,1.000092e+02,1.000092e+02,1.000092e+02,1.000092e+02,1.000092e+02,1.000092e+02,1.000092e+02,1.000092e+02,1.000092e+02,1.000092e+02,1.000092e+02,1.000092e+02,1.000092e+02,1.000092e+02,1.000092e+02,1.000092e+02,1.000092e+02,1.000092e+02,1.000092e+02,1.000092e+02,1.000092e+02,1.000092e+02,1.000092e+02,1.000092e+02,1.000092e+02,1.000092e+02,1.000092e+02,1.000092e+02,1.000092e+02,1.000092e+02,1.000092e+02,1.000092e+02,1.000092e+02,1.000092e+02,1.000092e+02,1.000092e+02,1.000092e+02,1.000092e+02,1.000092e+02,1.000092e+02,1.000092e+02,1.000092e+02,1.000092e+02,1.000092e+02,1.000092e+02,1.000092e+02,1.000092e+02,1.000092e+02,1.000092e+02,1.000092e+02,1.000092e+02,1.000092e+02,1.000092e+02,1.000092e+02,1.000092e+02,1.000092e+02,1.000092e+02,1.000092e+02,1.000092e+02,1.000092e+02,1.000092e+02,1.000092e+02,1.000092e+02,1.000092e+02,1.000092e+02,1.000092e+02,1.000092e+02,1.000092e+02,1.000092e+02,1.000092e+02,1.000092e+02,1.000092e+02,1.000092e+02,1.000092e+02,1.000092e+02,1.000092e+02,1.000092e+02,1.000092e+02,1.000092e+02,1.000092e+02,1.000092e+02,1.000092e+02,1.000092e+02,1.000092e+02,1.000092e+02,1.000092e+02,1.000092e+02,1.000092e+02,1.000092e+02,1.000092e+02,1.000092e+02,1.000092e+02,1.000092e+02,1.000092e+02,1.000092e+02,1.000092e+02,1.000092e+02,1.000092e+02,1.000092e+02,1.000092e+02,1.000092e+02,1.000092e+02,1.000092e+02,1.000092e+02,1.000092e+02,1.000092e+02,1.000092e+02,1.000092e+02,1.000092e+02,1.000092e+02,1.000092e+02,1.000092e+02,1.000092e+02,1.000092e+02,1.000092e+02,1.000092e+02,1.000092e+02,1.000092e+02,1.000092e+02,1.000092e+02,1.000092e+02,1.000092e+02,1.000092e+02,1.000092e+02,1.000092e+02,1.000091e+02,1.000090e+02,1.000089e+02,1.000087e+02,1.000085e+02,1.000081e+02,1.000077e+02,1.000070e+02,1.000062e+02,1.000051e+02,1.000038e+02,1.000021e+02,1.000000e+02,
0.205,1.000001e+02,1.000001e+02,1.000003e+02,1.000004e+02,1.000006e+02,1.000008e+02,1.000010e+02,1.000013e+02,1.000016e+02,1.000019e+02,1.000023e+02,1.000027e+02,1.000031e+02,1.000036e+02,1.000041e+02,1.000046e+02,1.000051e+02,1.000056e+02,1.000061e+02,1.000066e+02,1.000072e+02,1.000077e+02,1.000082e+02,1.000087e+02,1.000092e+02,1.000096e+02,1.000101e+02,1.000105e+02,1.000109e+02,1.000113e+02,1.000116e+02,1.000120e+02,1.000123e+02,1.000126e+02,1.000128e+02,1.000131e+02,1.000133e+02,1.000135e+02,1.000137e+02,1.000138e+02,1.000140e+02,1.000141e+02,1.000142e+02,1.000143e+02,1.000144e+02,1.000145e+02,1.000146e+02,1.000147e+02,1.000147e+02,1.000148e+02,1.000148e+02,1.000148e+02,1.000149e+02,1.000149e+02,1.000149e+02,1.000149e+02,1.000150e+02,1.000150e+02,1.000150e+02,1.000150e+02,1.000150e+02,1.000150e+02,1.000150e+02,1.000150e+02,1.000150e+02,1.000150e+02,1.000150e+02,1.000150e+02,1.000150e+02,1.000150e+02,1.000150e+02,1.000150e+02,1.000150e+02,1.000150e+02,1.000150e+02,1.000150e+02,1.000150e+02,1.000150e+02,1.000150e+02,1.000150e+02,1.000150e+02,1.000150e+02,1.000150e+02,1.000150e+02,1.000150e+02,1.000150e+02,1.000150e+02,1.000150e+02,1.000150e+02,1.000150e+02,1.000150e+02,1.000150e+02,1.000150e+02,1.000150e+02,1.000150e+02,1.000150e+02,1.000150e+02,1.000150e+02,1.000150e+02,1.000150e+02,1.000150e+02,1.000150e+02,1.000150e+02,1.000150e+02,1.000150e+02,1.000150e+02,1.000150e+02,1.000150e+02,1.000150e+02,1.000150e+02,1.000150e+02,1.000150e+02,1.000150e+02,1.000150e+02,1.000150e+02,1.000150e+02,1.000150e+02,1.000150e+02,1.000150e+02,1.000150e+02,1.000150e+02,1.000150e+02,1.000150e+02,1.000150e+02,1.000150e+02,1.000150e+02,1.000150e+02,1.000150e+02,1.000150e+02,1.000150e+02,1.000150e+02,1.000150e+02,1.000150e+02,1.000150e+02,1.000150e+02,1.000150e+02,1.000150e+02,1.000150e+02,1.000150e+02,1.000150e+02,1.000150e+02,1.000150e+02,1.000150e+02,1.000150e+02,1.000150e+02,1.000150e+02,1.000150e+02,1.000150e+02,1.000150e+02,1.000150e+02,1.000150e+02,1.000150e+02,1.000150e+02,1.000150e+02,1.000150e+02,1.000150e+02,1.000150e+02,1.000150e+02,1.000150e+02,1.000150e+02,1.000150e+02,1.000150e+02,1.000150e+02,1.000150e+02,1.000150e+02,1.000150e+02,1.000150e+02,1.000150e+02,1.000150e+02,1.000150e+02,1.000150e+02,1.000150e+02,1.000150e+02,1.000150e+02,1.000150e+02,1.000150e+02,1.000150e+02,1.000150e+02,1.000150e+02,1.000150e+02,1.000150e+02,1.000150e+02,1.000150e+02,1.000150e+02,1.000150e+02,1.000150e+02,1.000149e+02,1.000148e+02,1.000146e+02,1.000144e+02,1.000140e+02,1.000136e+02,1.000130e+02,1.000121e+02,1.000110e+02,1.000097e+02,1.000079e+02,1.000058e+02,1.000032e+02,1.000000e+02,
0.21,1.000001e+02,1.000003e+02,1.000005e+02,1.000007e+02,1.000011e+02,1.000014e+02,1.000018e+02,1.000023e+02,1.000028e+02,1.000034e+02,1.000041e+02,1.000047e+02,1.000055e+02,1.000062e+02,1.000070e+02,1.000078e+02,1.000086e+02,1.000095e+02,1.000103e+02,1.000112e+02,1.000120e+02,1.000128e+02,1.000136e+02,1.000144e+02,1.000151e+02,1.000158e+02,1.000165e+02,1.000172e+02,1.000178e+02,1.000184e+02,1.000189e+02,1.000194e+02,1.000199e+02,1.000203e+02,1.000207e+02,1.000211e+02,1.000214e+02,1.000217e+02,1.000220e+02,1.000222e+02,1.000224e+02,1.000226e+02,1.000228e+02,1.000230e+02,1.000231e+02,1.000232e+02,1.000233e+02,1.000234e+02,1.000235e+02,1.000236e+02,1.000236e+02,1.000237e+02,1.000237e+02,1.000238e+02,1.000238e+02,1.000238e+02,1.000239e+02,1.000239e+02,1.000239e+02,1.000239e+02,1.000239e+02,1.000239e+02,1.000239e+02,1.000239e+02,1.000240e+02,1.000240e+02,1.000240e+02,1.000240e+02,1.000240e+02,1.000240e+02,1.000240e+02,1.000240e+02,1.000240e+02,1.000240e+02,1.000240e+02,1.000240e+02,1.000240e+02,1.000240e+02,1.000240e+02,1.000240e+02,1.000240e+02,1.000240e+02,1.000240e+02,1.000240e+02,1.000240e+02,1.000240e+02,1.000240e+02,1.000240e+02,1.000240e+02,1.000240e+02,1.000240e+02,1.000240e+02,1.000240e+02,1.000240e+02,1.000240e+02,1.000240e+02,1.000240e+02,1.000240e+02,1.000240e+02,1.000240e+02,1.000240e+02,1.000240e+02,1.000240e+02,1.000240e+02,1.000240e+02,1.000240e+02,1.000240e+02,1.000240e+02,1.000240e+02,1.000240e+02,1.000240e+02,1.000240e+02,1.000240e+02,1.000240e+02,1.000240e+02,1.000240e+02,1.000240e+02,1.000240e+02,1.000240e+02,1.000240e+02,1.000240e+02,1.000240e+02,1.000240e+02,1.000240e+02,1.000240e+02,1.000240e+02,1.000240e+02,1.000240e+02,1.000240e+02,1.000240e+02,1.000240e+02,1.000240e+02,1.000240e+02,1.000240e+02,1.000240e+02,1.000240e+02,1.000240e+02,1.000240e+02,1.000240e+02,1.000240e+02,1.000240e+02,1.000240e+02,1.000240e+02,1.000240e+02,1.000240e+02,1.000240e+02,1.000240e+02,1.000240e+02,1.000240e+02,1.000240e+02,1.000240e+02,1.000240e+02,1.000240e+02,1.000240e+02,1.000240e+02,1.000240e+02,1.000240e+02,1.000240e+02,1.000240e+02,1.000240e+02,1.000240e+02,1.000240e+02,1.000240e+02,1.000240e+02,1.000240e+02,1.000240e+02,1.000240e+02,1.000240e+02,1.000240e+02,1.000240e+02,1.000240e+02,1.000240e+02,1.000240e+02,1.000240e+02,1.000240e+02,1.000240e+02,1.000240e+02,1.000240e+02,1.000240e+02,1.000240e+02,1.000240e+02,1.000240e+02,1.000240e+02,1.000239e+02,1.000239e+02,1.000238e+02,1.000236e+02,1.000234e+02,1.000231e+02,1.000227e+02,1.000221e+02,1.000213e+02,1.000202e+02,1.000188e+02,1.000170e+02,1.000148e+02,1.000121e+02,1.000088e+02,1.000048e+02,1.000000e+02,
0.215,1.000002e+02,1.000005e+02,1.000009e+02,1.000014e+02,1.000019e+02,1.000026e+02,1.000033e+02,1.000041e+02,1.000050e+02,1.000060e+02,1.000070e+02,1.000081e+02,1.000093e+02,1.000105e+02,1.000118e+02,1.000131e+02,1.000144e+02,1.000157e+02,1.000170e+02,1.000183e+02,1.000196e+02,1.000208e+02,1.000221e+02,1.000232e+02,1.000244e+02,1.000255e+02,1.000265e+02,1.000275e+02,1.000284e+02,1.000293e+02,1.000301e+02,1.000308e+02,1.000315e+02,1.000321e+02,1.000327e+02,1.000333e+02,1.000337e+02,1.000342e+02,1.000346e+02,1.000349e+02,1.000352e+02,1.000355e+02,1.000358e+02,1.000360e+02,1.000362e+02,1.000364e+02,1.000365e+02,1.000367e+02,1.000368e+02,1.000369e+02,1.000370e+02,1.000370e+02,1.000371e+02,1.000372e+02,1.000372e+02,1.000373e+02,1.000373e+02,1.000373e+02,1.000374e+02,1.000374e+02,1.000374e+02,1.000374e+02,1.000374e+02,1.000374e+02,1.000374e+02,1.000374e+02,1.000375e+02,1.000375e+02,1.000375e+02,1.000375e+02,1.000375e+02,1.000375e+02,1.000375e+02,1.000375e+02,1.000375e+02,1.000375e+02,1.000375e+02,1.000375e+02,1.000375e+02,1.000375e+02,1.000375e+02,1.000375e+02,1.000375e+02,1.000375e+02,1.000375e+02,1.000375e+02,1.000375e+02,1.000375e+02,1.000375e+02,1.000375e+02,1.000375e+02,1.000375e+02,1.000375e+02,1.000375e+02,1.000375e+02,1.000375e+02,1.000375e+02,1.000375e+02,1.000375e+02,1.000375e+02,1.000375e+02,1.000375e+02,1.000375e+02,1.000375e+02,1.000375e+02,1.000375e+02,1.000375e+02,1.000375e+02,1.000375e+02,1.000375e+02,1.000375e+02,1.000375e+02,1.000375e+02,1.000375e+02,1.000375e+02,1.000375e+02,1.000375e+02,1.000375e+02,1.000375e+02,1.000375e+02,1.000375e+02,1.000375e+02,1.000375e+02,1.000375e+02,1.000375e+02,1.000375e+02,1.000375e+02,1.000375e+02,1.000375e+02,1.000375e+02,1.000375e+02,1.000375e+02,1.000375e+02,1.000375e+02,1.000375e+02,1.000375e+02,1.000375e+02,1.000375e+02,1.000375e+02,1.000375e+02,1.000375e+02,1.000375e+02,1.000375e+02,1.000375e+02,1.000375e+02,1.000375e+02,1.000375e+02,1.000375e+02,1.000375e+02,1.000375e+02,1.000375e+02,1.000375e+02,1.000375e+02,1.000375e+02,1.000375e+02,1.000375e+02,1.000375e+02,1.000375e+02,1.000375e+02,1.000375e+02,1.000375e+02,1.000375e+02,1.000375e+02,1.000375e+02,1.000375e+02,1.000375e+02,1.000375e+02,1.000375e+02,1.000375e+02,1.000375e+02,1.000375e+02,1.000375e+02,1.000375e+02,1.000375e+02,1.000375e+02,1.000375e+02,1.000375e+02,1.000375e+02,1.000375e+02,1.000375e+02,1.000375e+02,1.000374e+02,1.000374e+02,1.000373e+02,1.000372e+02,1.000370e+02,1.000367e+02,1.000363e+02,1.000358e+02,1.000350e+02,1.000339e+02,1.000326e+02,1.000308e+02,1.000286e+02,1.000258e+02,1.000223e+02,1.000181e+02,1.000131e+02,1.000071e+02,1.000000e+02,
0.22,1.000004e+02,1.000010e+02,1.000016e+02,1.000024e+02,1.000034e+02,1.000045e+02,1.000057e+02,1.000070e+02,1.000085e+02,1.000100e+02,1.000117e+02,1.000135e+02,1.000154e+02,1.000173e+02,1.000193e+02,1.000213e+02,1.000233e+02,1.000253e+02,1.000273e+02,1.000293e+02,1.000312e+02,1.000331e+02,1.000350e+02,1.000367e+02,1.000384e+02,1.000401e+02,1.000416e+02,1.000430e+02,1.000444e+02,1.000456e+02,1.000468e+02,1.000479e+02,1.000489e+02,1.000498e+02,1.000507e+02,1.000515e+02,1.000522e+02,1.000528e+02,1.000534e+02,1.000539e+02,1.000543e+02,1.000547e+02,1.000551e+02,1.000554e+02,1.000557e+02,1.000559e+02,1.000562e+02,1.000563e+02,1.000565e+02,1.000567e+02,1.000568e+02,1.000569e+02,1.000570e+02,1.000571e+02,1.000571e+02,1.000572e+02,1.000572e+02,1.000573e+02,1.000573e+02,1.000574e+02,1.000574e+02,1.000574e+02,1.000574e+02,1.000574e+02,1.000574e+02,1.000575e+02,1.000575e+02,1.000575e+02,1.000575e+02,1.000575e+02,1.000575e+02,1.000575e+02,1.000575e+02,1.000575e+02,1.000575e+02,1.000575e+02,1.000575e+02,1.000575e+02,1.000575e+02,1.000575e+02,1.000575e+02,1.000575e+02,1.000575e+02,1.000575e+02,1.000575e+02,1.000575e+02,1.000575e+02,1.000575e+02,1.000575e+02,1.000575e+02,1.000575e+02,1.000575e+02,1.000575e+02,1.000575e+02,1.000575e+02,1.000575e+02,1.000575e+02,1.000575e+02,1.000575e+02,1.000575e+02,1.000575e+02,1.000575e+02,1.000575e+02,1.000575e+02,1.000575e+02,1.000575e+02,1.000575e+02,1.000575e+02,1.000575e+02,1.000575e+02,1.000575e+02,1.000575e+02,1.000575e+02,1.000575e+02,1.000575e+02,1.000575e+02,1.000575e+02,1.000575e+02,1.000575e+02,1.000575e+02,1.000575e+02,1.000575e+02,1.000575e+02,1.000575e+02,1.000575e+02,1.000575e+02,1.000575e+02,1.000575e+02,1.000575e+02,1.000575e+02,1.000575e+02,1.000575e+02,1.000575e+02,1.000575e+02,1.000575e+02,1.000575e+02,1.000575e+02,1.000575e+02,1.000575e+02,1.000575e+02,1.000575e+02,1.000575e+02,1.000575e+02,1.000575e+02,1.000575e+02,1.000575e+02,1.000575e+02,1.000575e+02,1.000575e+02,1.000575e+02,1.000575e+02,1.000575e+02,1.000575e+02,1.000575e+02,1.000575e+02,1.000575e+02,1.000575e+02,1.000575e+02,1.000575e+02,1.000575e+02,1.000575e+02,1.000575e+02,1.000575e+02,1.000575e+02,1.000575e+02,1.000575e+02,1.000575e+02,1.000575e+02,1.000575e+02,1.000575e+02,1.000575e+02,1.000575e+02,1.000575e+02,1.000575e+02,1.000575e+02,1.000575e+02,1.000575e+02,1.000575e+02,1.000575e+02,1.000575e+02,1.000575e+02,1.000574e+02,1.000573e+02,1.000571e+02,1.000569e+02,1.000565e+02,1.000560e+02,1.000553e+02,1.000543e+02,1.000530e+02,1.000512e+02,1.000490e+02,1.000461e+02,1.000426e+02,1.000383e+02,1.000330e+02,1.000267e+02,1.000191e+02,1.000103e+02,1.000000e+02,
0.225,1.000008e+02,1.000017e+02,1.000028e+02,1.000042e+02,1.000058e+02,1.000075e+02,1.000095e+02,1.000117e+02,1.000140e+02,1.000165e+02,1.000191e+02,1.000219e+02,1.000248e+02,1.000278e+02,1.000308e+02,1.000338e+02,1.000369e+02,1.000399e+02,1.000429e+02,1.000459e+02,1.000488e+02,1.000516e+02,1.000543e+02,1.000569e+02,1.000594e+02,1.000618e+02,1.000640e+02,1.000661e+02,1.000680e+02,1.000699e+02,1.000716e+02,1.000731e+02,1.000746e+02,1.000759e+02,1.000771e+02,1.000782e+02,1.000792e+02,1.000801e+02,1.000809e+02,1.000816e+02,1.000822e+02,1.000828e+02,1.000833e+02,1.000838e+02,1.000842e+02,1.000845e+02,1.000848e+02,1.000851e+02,1.000853e+02,1.000855e+02,1.000857e+02,1.000858e+02,1.000860e+02,1.000861e+02,1.000862e+02,1.000863e+02,1.000863e+02,1.000864e+02,1.000864e+02,1.000865e+02,1.000865e+02,1.000866e+02,1.000866e+02,1.000866e+02,1.000866e+02,1.000866e+02,1.000866e+02,1.000867e+02,1.000867e+02,1.000867e+02,1.000867e+02,1.000867e+02,1.000867e+02,1.000867e+02,1.000867e+02,1.000867e+02,1.000867e+02,1.000867e+02,1.000867e+02,1.000867e+02,1.000867e+02,1.000867e+02,1.000867e+02,1.000867e+02,1.000867e+02,1.000867e+02,1.000867e+02,1.000867e+02,1.000867e+02,1.000867e+02,1.000867e+02,1.000867e+02,1.000867e+02,1.000867e+02,1.000867e+02,1.000867e+02,1.000867e+02,1.000867e+02,1.000867e+02,1.000867e+02,1.000867e+02,1.000867e+02,1.000867e+02,1.000867e+02,1.000867e+02,1.000867e+02,1.000867e+02,1.000867e+02,1.000867e+02,1.000867e+02,1.000867e+02,1.000867e+02,1.000867e+02,1.000867e+02,1.000867e+02,1.000867e+02,1.000867e+02,1.000867e+02,1.000867e+02,1.000867e+02,1.000867e+02,1.000867e+02,1.000867e+02,1.000867e+02,1.000867e+02,1.000867e+02,1.000867e+02,1.000867e+02,1.000867e+02,1.000867e+02,1.000867e+02,1.000867e+02,1.000867e+02,1.000867e+02,1.000867e+02,1.000867e+02,1.000867e+02,1.000867e+02,1.000867e+02,1.000867e+02,1.000867e+02,1.000867e+02,1.000867e+02,1.000867e+02,1.000867e+02,1.000867e+02,1.000867e+02,1.000867e+02,1.000867e+02,1.000867e+02,1.000867e+02,1.000867e+02,1.000867e+02,1.000867e+02,1.000867e+02,1.000867e+02,1.000867e+02,1.000867e+02,1.000867e+02,1.000867e+02,1.000867e+02,1.000867e+02,1.000867e+02,1.000867e+02,1.000867e+02,1.000867e+02,1.000867e+02,1.000867e+02,1.000867e+02,1.000867e+02,1.000867e+02,1.000867e+02,1.000867e+02,1.000867e+02,1.000867e+02,1.000867e+02,1.000867e+02,1.000867e+02,1.000867e+02,1.000866e+02,1.000866e+02,1.000864e+02,1.000862e+02,1.000859e+02,1.000854e+02,1.000848e+02,1.000838e+02,1.000826e+02,1.000809e+02,1.000787e+02,1.000759e+02,1.000723e+02,1.000678e+02,1.000624e+02,1.000558e+02,1.000479e+02,1.000385e+02,1.000275e+02,1.000147e+02,1.000000e+02,
0.23,1.000013e+02,1.000029e+02,1.000048e+02,1.000070e+02,1.000095e+02,1.000124e+02,1.000155e+02,1.000189e+02,1.000225e+02,1.000264e+02,1.000305e+02,1.000347e+02,1.000391e+02,1.000436e+02,1.000481e+02,1.000526e+02,1.000572e+02,1.000617e+02,1.000661e+02,1.000705e+02,1.000747e+02,1.000788e+02,1.000827e+02,1.000865e+02,1.000900e+02,1.000934e+02,1.000966e+02,1.000996e+02,1.001024e+02,1.001050e+02,1.001074e+02,1.001096e+02,1.001117e+02,1.001135e+02,1.001152e+02,1.001167e+02,1.001181e+02,1.001194e+02,1.001205e+02,1.001215e+02,1.001224e+02,1.001232e+02,1.001239e+02,1.001245e+02,1.001251e+02,1.001256e+02,1.001260e+02,1.001264e+02,1.001267e+02,1.001270e+02,1.001272e+02,1.001274e+02,1.001276e+02,1.001277e+02,1.001279e+02,1.001280e+02,1.001281e+02,1.001282e+02,1.001282e+02,1.001283e+02,1.001283e+02,1.001284e+02,1.001284e+02,1.001284e+02,1.001285e+02,1.001285e+02,1.001285e+02,1.001285e+02,1.001285e+02,1.001285e+02,1.001286e+02,1.001286e+02,1.001286e+02,1.001286e+02,1.001286e+02,1.001286e+02,1.001286e+02,1.001286e+02,1.001286e+02,1.001286e+02,1.001286e+02,1.001286e+02,1.001286e+02,1.001286e+02,1.001286e+02,1.001286e+02,1.001286e+02,1.001286e+02,1.001286e+02,1.001286e+02,1.001286e+02,1.001286e+02,1.001286e+02,1.001286e+02,1.001286e+02,1.001286e+02,1.001286e+02,1.001286e+02,1.001286e+02,1.001286e+02,1.001286e+02,1.001286e+02,1.001286e+02,1.001286e+02,1.001286e+02,1.001286e+02,1.001286e+02,1.001286e+02,1.001286e+02,1.001286e+02,1.001286e+02,1.001286e+02,1.001286e+02,1.001286e+02,1.001286e+02,1.001286e+02,1.001286e+02,1.001286e+02,1.001286e+02,1.001286e+02,1.001286e+02,1.001286e+02,1.001286e+02,1.001286e+02,1.001286e+02,1.001286e+02,1.001286e+02,1.001286e+02,1.001286e+02,1.001286e+02,1.001286e+02,1.001286e+02,1.001286e+02,1.001286e+02,1.001286e+02,1.001286e+02,1.001286e+02,1.001286e+02,1.001286e+02,1.001286e+02,1.001286e+02,1.001286e+02,1.001286e+02,1.001286e+02,1.001286e+02,1.001286e+02,1.001286e+02,1.001286e+02,1.001286e+02,1.001286e+02,1.001286e+02,1.001286e+02,1.001286e+02,1.001286e+02,1.001286e+02,1.001286e+02,1.001286e+02,1.001286e+02,1.001286e+02,1.001286e+02,1.001286e+02,1.001286e+02,1.001286e+02,1.001286e+02,1.001286e+02,1.001286e+02,1.001286e+02,1.001286e+02,1.001286e+02,1.001286e+02,1.001286e+02,1.001286e+02,1.001286e+02,1.001286e+02,1.001286e+02,1.001286e+02,1.001286e+02,1.001285e+02,1.001285e+02,1.001284e+02,1.001282e+02,1.001280e+02,1.001276e+02,1.001270e+02,1.001261e+02,1.001249e+02,1.001234e+02,1.001212e+02,1.001185e+02,1.001149e+02,1.001104e+02,1.001049e+02,1.000981e+02,1.000899e+02,1.000801e+02,1.000684e+02,1.000548e+02,1.000390e+02,1.000208e+02,1.000000e+02,
0.235,1.000022e+02,1.000048e+02,1.000079e+02,1.000114e+02,1.000154e+02,1.000198e+02,1.000247e+02,1.000299e+02,1.000355e+02,1.000414e+02,1.000475e+02,1.000539e+02,1.000604e+02,1.000670e+02,1.000736e+02,1.000803e+02,1.000869e+02,1.000935e+02,1.000999e+02,1.001062e+02,1.001123e+02,1.001181e+02,1.001237e+02,1.001291e+02,1.001341e+02,1.001389e+02,1.001434e+02,1.001476e+02,1.001516e+02,1.001552e+02,1.001586e+02,1.001616e+02,1.001645e+02,1.001670e+02,1.001694e+02,1.001715e+02,1.001734e+02,1.001752e+02,1.001767e+02,1.001781e+02,1.001793e+02,1.001804e+02,1.001814e+02,1.001822e+02,1.001830e+02,1.001836e+02,1.001842e+02,1.001847e+02,1.001852e+02,1.001855e+02,1.001859e+02,1.001861e+02,1.001864e+02,1.001866e+02,1.001868e+02,1.001869e+02,1.001871e+02,1.001872e+02,1.001873e+02,1.001873e+02,1.001874e+02,1.001875e+02,1.001875e+02,1.001876e+02,1.001876e+02,1.001876e+02,1.001876e+02,1.001877e+02,1.001877e+02,1.001877e+02,1.001877e+02,1.001877e+02,1.001877e+02,1.001877e+02,1.001877e+02,1.001877e+02,1.001877e+02,1.001877e+02,1.001877e+02,1.001877e+02,1.001878e+02,1.001878e+02,1.001878e+02,1.001878e+02,1.001878e+02,1.001878e+02,1.001878e+02,1.001878e+02,1.001878e+02,1.001878e+02,1.001878e+02,1.001878e+02,1.001878e+02,1.001878e+02,1.001878e+02,1.001878e+02,1.001878e+02,1.001878e+02,1.001878e+02,1.001878e+02,1.001878e+02,1.001878e+02,1.001878e+02,1.001878e+02,1.001878e+02,1.001878e+02,1.001878e+02,1.001878e+02,1.001878e+02,1.001878e+02,1.001878e+02,1.001878e+02,1.001878e+02,1.001878e+02,1.001878e+02,1.001878e+02,1.001878e+02,1.001878e+02,1.001878e+02,1.001878e+02,1.001878e+02,1.001878e+02,1.001878e+02,1.001878e+02,1.001878e+02,1.001878e+02,1.001878e+02,1.001878e+02,1.001878e+02,1.001878e+02,1.001878e+02,1.001878e+02,1.001878e+02,1.001878e+02,1.001878e+02,1.001878e+02,1.001878e+02,1.001878e+02,1.001878e+02,1.001878e+02,1.001878e+02,1.001878e+02,1.001878e+02,1.001878e+02,1.001878e+02,1.001878e+02,1.001878e+02,1.001878e+02,1.001878e+02,1.001878e+02,1.001878e+02,1.001878e+02,1.001878e+02,1.001878e+02,1.001878e+02,1.001878e+02,1.001878e+02,1.001878e+02,1.001878e+02,1.001878e+02,1.001878e+02,1.001878e+02,1.001878e+02,1.001878e+02,1.001878e+02,1.001878e+02,1.001878e+02,1.001878e+02,1.001878e+02,1.001878e+02,1.001878e+02,1.001878e+02,1.001878e+02,1.001878e+02,1.001877e+02,1.001877e+02,1.001877e+02,1.001876e+02,1.001875e+02,1.001873e+02,1.001870e+02,1.001865e+02,1.001857e+02,1.001847e+02,1.001832e+02,1.001812e+02,1.001785e+02,1.001751e+02,1.001707e+02,1.001651e+02,1.001582e+02,1.001498e+02,1.001397e+02,1.001275e+02,1.001131e+02,1.000963e+02,1.000768e+02,1.000544e+02,1.000289e+02,1.000000e+02,
0.24,1.000035e+02,1.000077e+02,1.000126e+02,1.000181e+02,1.000243e+02,1.000311e+02,1.000384e+02,1.000463e+02,1.000547e+02,1.000634e+02,1.000725e+02,1.000818e+02,1.000913e+02,1.001010e+02,1.001106e+02,1.001202e+02,1.001298e+02,1.001391e+02,1.001483e+02,1.001572e+02,1.001658e+02,1.001740e+02,1.001819e+02,1.001894e+02,1.001965e+02,1.002032e+02,1.002095e+02,1.002153e+02,1.002207e+02,1.002257e+02,1.002304e+02,1.002346e+02,1.002385e+02,1.002420e+02,1.002452e+02,1.002481e+02,1.002508e+02,1.002531e+02,1.002552e+02,1.002571e+02,1.002587e+02,1.002602e+02,1.002615e+02,1.002627e+02,1.002637e+02,1.002646e+02,1.002654e+02,1.002660e+02,1.002666e+02,1.002671e+02,1.002676e+02,1.002680e+02,1.002683e+02,1.002686e+02,1.002688e+02,1.002690e+02,1.002692e+02,1.002693e+02,1.002695e+02,1.002696e+02,1.002697e+02,1.002697e+02,1.002698e+02,1.002699e+02,1.002699e+02,1.002699e+02,1.002700e+02,1.002700e+02,1.002700e+02,1.002700e+02,1.002701e+02,1.002701e+02,1.002701e+02,1.002701e+02,1.002701e+02,1.002701e+02,1.002701e+02,1.002701e+02,1.002701e+02,1.002701e+02,1.002701e+02,1.002701e+02,1.002701e+02,1.002701e+02,1.002701e+02,1.002701e+02,1.002701e+02,1.002701e+02,1.002701e+02,1.002701e+02,1.002701e+02,1.002701e+02,1.002701e+02,1.002701e+02,1.002701e+02,1.002701e+02,1.002701e+02,1.002701e+02,1.002701e+02,1.002701e+02,1.002701e+02,1.002701e+02,1.002701e+02,1.002701e+02,1.002701e+02,1.002701e+02,1.002701e+02,1.002701e+02,1.002701e+02,1.002701e+02,1.002701e+02,1.002701e+02,1.002701e+02,1.002701e+02,1.002701e+02,1.002701e+02,1.002701e+02,1.002701e+02,1.002701e+02,1.002701e+02,1.002701e+02,1.002701e+02,1.002701e+02,1.002701e+02,1.002701e+02,1.002701e+02,1.002701e+02,1.002701e+02,1.002701e+02,1.002701e+02,1.002701e+02,1.002701e+02,1.002701e+02,1.002701e+02,1.002701e+02,1.002701e+02,1.002701e+02,1.002701e+02,1.002701e+02,1.002701e+02,1.002701e+02,1.002701e+02,1.002701e+02,1.002701e+02,1.002701e+02,1.002701e+02,1.002701e+02,1.002701e+02,1.002701e+02,1.002701e+02,1.002701e+02,1.002701e+02,1.002701e+02,1.002701e+02,1.002701e+02,1.002701e+02,1.002701e+02,1.002701e+02,1.002701e+02,1.002701e+02,1.002701e+02,1.002701e+02,1.002701e+02,1.002701e+02,1.002701e+02,1.002701e+02,1.002701e+02,1.002701e+02,1.002701e+02,1.002701e+02,1.002701e+02,1.002701e+02,1.002701e+02,1.002701e+02,1.002701e+02,1.002700e+02,1.002700e+02,1.002698e+02,1.002695e+02,1.002691e+02,1.002685e+02,1.002676e+02,1.002663e+02,1.002644e+02,1.002620e+02,1.002587e+02,1.002544e+02,1.002490e+02,1.002422e+02,1.002337e+02,1.002233e+02,1.002108e+02,1.001959e+02,1.001782e+02,1.001576e+02,1.001337e+02,1.001063e+02,1.000750e+02,1.000397e+02,1.000000e+02,
0.245,1.000056e+02,1.000121e+02,1.000196e+02,1.000281e+02,1.000374e+02,1.000476e+02,1.000586e+02,1.000703e+02,1.000826e+02,1.000954e+02,1.001085e+02,1.001220e+02,1.001357e+02,1.001495e+02,1.001633e+02,1.001769e+02,1.001904e+02,1.002036e+02,1.002165e+02,1.002289e+02,1.002409e+02,1.002524e+02,1.002633e+02,1.002737e+02,1.002834e+02,1.002926e+02,1.003012e+02,1.003092e+02,1.003166e+02,1.003235e+02,1.003298e+02,1.003355e+02,1.003408e+02,1.003456e+02,1.003499e+02,1.003538e+02,1.003573e+02,1.003605e+02,1.003633e+02,1.003658e+02,1.003681e+02,1.003700e+02,1.003718e+02,1.003733e+02,1.003747e+02,1.003759e+02,1.003769e+02,1.003778e+02,1.003786e+02,1.003793e+02,1.003798e+02,1.003804e+02,1.003808e+02,1.003812e+02,1.003815e+02,1.003817e+02,1.003820e+02,1.003822e+02,1.003823e+02,1.003825e+02,1.003826e+02,1.003827e+02,1.003828e+02,1.003829e+02,1.003829e+02,1.003830e+02,1.003830e+02,1.003831e+02,1.003831e+02,1.003831e+02,1.003831e+02,1.003831e+02,1.003832e+02,1.003832e+02,1.003832e+02,1.003832e+02,1.003832e+02,1.003832e+02,1.003832e+02,1.003832e+02,1.003832e+02,1.003832e+02,1.003832e+02,1.003832e+02,1.003832e+02,1.003832e+02,1.003832e+02,1.003832e+02,1.003832e+02,1.003832e+02,1.003832e+02,1.003832e+02,1.003832e+02,1.003832e+02,1.003832e+02,1.003832e+02,1.003832e+02,1.003832e+02,1.003832e+02,1.003832e+02,1.003832e+02,1.003832e+02,1.003832e+02,1.003832e+02,1.003832e+02,1.003832e+02,1.003832e+02,1.003832e+02,1.003832e+02,1.003832e+02,1.003832e+02,1.003832e+02,1.003832e+02,1.003832e+02,1.003832e+02,1.003832e+02,1.003832e+02,1.003832e+02,1.003832e+02,1.003832e+02,1.003832e+02,1.003832e+02,1.003832e+02,1.003832e+02,1.003832e+02,1.003832e+02,1.003832e+02,1.003832e+02,1.003832e+02,1.003832e+02,1.003832e+02,1.003832e+02,1.003832e+02,1.003832e+02,1.003832e+02,1.003832e+02,1.003832e+02,1.003832e+02,1.003832e+02,1.003832e+02,1.003832e+02,1.003832e+02,1.003832e+02,1.003832e+02,1.003832e+02,1.003832e+02,1.003832e+02,1.003832e+02,1.003832e+02,1.003832e+02,1.003832e+02,1.003832e+02,1.003832e+02,1.003832e+02,1.003832e+02,1.003832e+02,1.003832e+02,1.003832e+02,1.003832e+02,1.003832e+02,1.003832e+02,1.003832e+02,1.003832e+02,1.003832e+02,1.003832e+02,1.003832e+02,1.003832e+02,1.003832e+02,1.003832e+02,1.003832e+02,1.003832e+02,1.003832e+02,1.003832e+02,1.003832e+02,1.003831e+02,1.003830e+02,1.003828e+02,1.003825e+02,1.003820e+02,1.003812e+02,1.003801e+02,1.003785e+02,1.003762e+02,1.003732e+02,1.003692e+02,1.003640e+02,1.003574e+02,1.003490e+02,1.003387e+02,1.003260e+02,1.003107e+02,1.002925e+02,1.002709e+02,1.002457e+02,1.002166e+02,1.001831e+02,1.001450e+02,1.001020e+02,1.000537e+02,1.000000e+02,
0.25,1.000086e+02,1.000187e+02,1.000300e+02,1.000427e+02,1.000566e+02,1.000716e+02,1.000877e+02,1.001047e+02,1.001224e+02,1.001408e+02,1.001596e+02,1.001788e+02,1.001982e+02,1.002177e+02,1.002370e+02,1.002561e+02,1.002749e+02,1.002932e+02,1.003110e+02,1.003282e+02,1.003447e+02,1.003604e+02,1.003754e+02,1.003895e+02,1.004028e+02,1.004153e+02,1.004269e+02,1.004377e+02,1.004477e+02,1.004569e+02,1.004654e+02,1.004731e+02,1.004802e+02,1.004866e+02,1.004923e+02,1.004976e+02,1.005022e+02,1.005064e+02,1.005102e+02,1.005135e+02,1.005165e+02,1.005191e+02,1.005214e+02,1.005234e+02,1.005252e+02,1.005268e+02,1.005282e+02,1.005293e+02,1.005304e+02,1.005313e+02,1.005320e+02,1.005327e+02,1.005333e+02,1.005338e+02,1.005342e+02,1.005345e+02,1.005348e+02,1.005351e+02,1.005353e+02,1.005355e+02,1.005357e+02,1.005358e+02,1.005359e+02,1.005360e+02,1.005361e+02,1.005361e+02,1.005362e+02,1.005362e+02,1.005363e+02,1.005363e+02,1.005363e+02,1.005363e+02,1.005364e+02,1.005364e+02,1.005364e+02,1.005364e+02,1.005364e+02,1.005364e+02,1.005364e+02,1.005364e+02,1.005364e+02,1.005364e+02,1.005364e+02,1.005364e+02,1.005364e+02,1.005364e+02,1.005364e+02,1.005364e+02,1.005364e+02,1.005364e+02,1.005364e+02,1.005364e+02,1.005364e+02,1.005364e+02,1.005364e+02,1.005364e+02,1.005364e+02,1.005364e+02,1.005364e+02,1.005364e+02,1.005364e+02,1.005364e+02,1.005364e+02,1.005364e+02,1.005364e+02,1.005364e+02,1.005364e+02,1.005364e+02,1.005364e+02,1.005364e+02,1.005364e+02,1.005364e+02,1.005364e+02,1.005364e+02,1.005364e+02,1.005364e+02,1.005364e+02,1.005364e+02,1.005364e+02,1.005364e+02,1.005364e+02,1.005364e+02,1.005364e+02,1.005364e+02,1.005364e+02,1.005364e+02,1.005364e+02,1.005364e+02,1.005364e+02,1.005364e+02,1.005364e+02,1.005364e+02,1.005364e+02,1.005364e+02,1.005364e+02,1.005364e+02,1.005364e+02,1.005364e+02,1.005364e+02,1.005364e+02,1.005364e+02,1.005364e+02,1.005364e+02,1.005364e+02,1.005364e+02,1.005364e+02,1.005364e+02,1.005364e+02,1.005364e+02,1.005364e+02,1.005364e+02,1.005364e+02,1.005364e+02,1.005364e+02,1.005364e+02,1.005364e+02,1.005364e+02,1.005364e+02,1.005364e+02,1.005364e+02,1.005364e+02,1.005364e+02,1.005364e+02,1.005364e+02,1.005364e+02,1.005364e+02,1.005364e+02,1.005364e+02,1.005364e+02,1.005364e+02,1.005364e+02,1.005364e+02,1.005364e+02,1.005363e+02,1.005362e+02,1.005359e+02,1.005356e+02,1.005349e+02,1.005340e+02,1.005326e+02,1.005307e+02,1.005280e+02,1.005244e+02,1.005195e+02,1.005132e+02,1.005052e+02,1.004951e+02,1.004825e+02,1.004672e+02,1.004487e+02,1.004265e+02,1.004004e+02,1.003699e+02,1.003345e+02,1.002939e+02,1.002477e+02,1.001955e+02,1.001370e+02,1.000720e+02,1.000000e+02,
0.255,1.000131e+02,1.000281e+02,1.000450e+02,1.000636e+02,1.000839e+02,1.001057e+02,1.001288e+02,1.001531e+02,1.001783e+02,1.002044e+02,1.002309e+02,1.002578e+02,1.002849e+02,1.003119e+02,1.003387e+02,1.003651e+02,1.003909e+02,1.004160e+02,1.004403e+02,1.004637e+02,1.004861e+02,1.005074e+02,1.005276e+02,1.005467e+02,1.005646e+02,1.005813e+02,1.005969e+02,1.006113e+02,1.006246e+02,1.006369e+02,1.006481e+02,1.006583e+02,1.006677e+02,1.006761e+02,1.006837e+02,1.006906e+02,1.006968e+02,1.007023e+02,1.007072e+02,1.007116e+02,1.007155e+02,1.007189e+02,1.007219e+02,1.007246e+02,1.007269e+02,1.007289e+02,1.007307e+02,1.007322e+02,1.007336e+02,1.007347e+02,1.007357e+02,1.007366e+02,1.007373e+02,1.007380e+02,1.007385e+02,1.007390e+02,1.007394e+02,1.007397e+02,1.007400e+02,1.007402e+02,1.007404e+02,1.007406e+02,1.007408e+02,1.007409e+02,1.007410e+02,1.007411e+02,1.007411e+02,1.007412e+02,1.007412e+02,1.007413e+02,1.007413e+02,1.007413e+02,1.007414e+02,1.007414e+02,1.007414e+02,1.007414e+02,1.007414e+02,1.007414e+02,1.007414e+02,1.007414e+02,1.007414e+02,1.007415e+02,1.007415e+02,1.007415e+02,1.007415e+02,1.007415e+02,1.007415e+02,1.007415e+02,1.007415e+02,1.007415e+02,1.007415e+02,1.007415e+02,1.007415e+02,1.007415e+02,1.007415e+02,1.007415e+02,1.007415e+02,1.007415e+02,1.007415e+02,1.007415e+02,1.007415e+02,1.007415e+02,1.007415e+02,1.007415e+02,1.007415e+02,1.007415e+02,1.007415e+02,1.007415e+02,1.007415e+02,1.007415e+02,1.007415e+02,1.007415e+02,1.007415e+02,1.007415e+02,1.007415e+02,1.007415e+02,1.007415e+02,1.007415e+02,1.007415e+02,1.007415e+02,1.007415e+02,1.007415e+02,1.007415e+02,1.007415e+02,1.007415e+02,1.007415e+02,1.007415e+02,1.007415e+02,1.007415e+02,1.007415e+02,1.007415e+02,1.007415e+02,1.007415e+02,1.007415e+02,1.007415e+02,1.007415e+02,1.007415e+02,1.007415e+02,1.007415e+02,1.007415e+02,1.007415e+02,1.007415e+02,1.007415e+02,1.007415e+02,1.007415e+02,1.007415e+02,1.007415e+02,1.007415e+02,1.007415e+02,1.007415e+02,1.007415e+02,1.007415e+02,1.007415e+02,1.007415e+02,1.007415e+02,1.007415e+02,1.007415e+02,1.007415e+02,1.007415e+02,1.007415e+02,1.007415e+02,1.007415e+02,1.007415e+02,1.007415e+02,1.007415e+02,1.007415e+02,1.007415e+02,1.007415e+02,1.007415e+02,1.007415e+02,1.007414e+02,1.007414e+02,1.007413e+02,1.007412e+02,1.007409e+02,1.007404e+02,1.007397e+02,1.007386e+02,1.007369e+02,1.007346e+02,1.007314e+02,1.007270e+02,1.007213e+02,1.007137e+02,1.007041e+02,1.006920e+02,1.006769e+02,1.006585e+02,1.006362e+02,1.006096e+02,1.005781e+02,1.005413e+02,1.004987e+02,1.004497e+02,1.003940e+02,1.003311e+02,1.002606e+02,1.001821e+02,1.000953e+02,1.000000e+02,
0.26,1.000195e+02,1.000416e+02,1.000661e+02,1.000931e+02,1.001222e+02,1.001533e+02,1.001860e+02,1.002203e+02,1.002557e+02,1.002919e+02,1.003288e+02,1.003661e+02,1.004033e+02,1.004404e+02,1.004770e+02,1.005129e+02,1.005479e+02,1.005819e+02,1.006147e+02,1.006462e+02,1.006762e+02,1.007047e+02,1.007317e+02,1.007571e+02,1.007808e+02,1.008030e+02,1.008236e+02,1.008427e+02,1.008602e+02,1.008763e+02,1.008911e+02,1.009045e+02,1.009167e+02,1.009278e+02,1.009377e+02,1.009467e+02,1.009547e+02,1.009619e+02,1.009683e+02,1.009739e+02,1.009790e+02,1.009834e+02,1.009873e+02,1.009907e+02,1.009937e+02,1.009964e+02,1.009987e+02,1.010006e+02,1.010024e+02,1.010039e+02,1.010051e+02,1.010063e+02,1.010072e+02,1.010080e+02,1.010087e+02,1.010093e+02,1.010098e+02,1.010103e+02,1.010106e+02,1.010109e+02,1.010112e+02,1.010114e+02,1.010116e+02,1.010118e+02,1.010119e+02,1.010120e+02,1.010121e+02,1.010122e+02,1.010122e+02,1.010123e+02,1.010123e+02,1.010124e+02,1.010124e+02,1.010124e+02,1.010124e+02,1.010124e+02,1.010125e+02,1.010125e+02,1.010125e+02,1.010125e+02,1.010125e+02,1.010125e+02,1.010125e+02,1.010125e+02,1.010125e+02,1.010125e+02,1.010125e+02,1.010125e+02,1.010125e+02,1.010125e+02,1.010125e+02,1.010125e+02,1.010125e+02,1.010125e+02,1.010125e+02,1.010125e+02,1.010125e+02,1.010125e+02,1.010125e+02,1.010125e+02,1.010125e+02,1.010125e+02,1.010125e+02,1.010125e+02,1.010125e+02,1.010125e+02,1.010125e+02,1.010125e+02,1.010125e+02,1.010125e+02,1.010125e+02,1.010125e+02,1.010125e+02,1.010125e+02,1.010125e+02,1.010125e+02,1.010125e+02,1.010125e+02,1.010125e+02,1.010125e+02,1.010125e+02,1.010125e+02,1.010125e+02,1.010125e+02,1.010125e+02,1.010125e+02,1.010125e+02,1.010125e+02,1.010125e+02,1.010125e+02,1.010125e+02,1.010125e+02,1.010125e+02,1.010125e+02,1.010125e+02,1.010125e+02,1.010125e+02,1.010125e+02,1.010125e+02,1.010125e+02,1.010125e+02,1.010125e+02,1.010125e+02,1.010125e+02,1.010125e+02,1.010125e+02,1.010125e+02,1.010125e+02,1.010125e+02,1.010125e+02,1.010125e+02,1.010125e+02,1.010125e+02,1.010125e+02,1.010125e+02,1.010125e+02,1.010125e+02,1.010125e+02,1.010125e+02,1.010125e+02,1.010125e+02,1.010125e+02,1.010125e+02,1.010125e+02,1.010125e+02,1.010125e+02,1.010125e+02,1.010125e+02,1.010125e+02,1.010125e+02,1.010124e+02,1.010123e+02,1.010121e+02,1.010118e+02,1.010113e+02,1.010104e+02,1.010091e+02,1.010072e+02,1.010045e+02,1.010007e+02,1.009955e+02,1.009887e+02,1.009798e+02,1.009684e+02,1.009540e+02,1.009361e+02,1.009141e+02,1.008876e+02,1.008558e+02,1.008182e+02,1.007742e+02,1.007232e+02,1.006646e+02,1.005978e+02,1.005223e+02,1.004377e+02,1.003435e+02,1.002393e+02,1.001249e+02,1.000000e+02,
0.265,1.000284e+02,1.000604e+02,1.000956e+02,1.001340e+02,1.001751e+02,1.002187e+02,1.002645e+02,1.003120e+02,1.003610e+02,1.004109e+02,1.004614e+02,1.005122e+02,1.005629e+02,1.006130e+02,1.006624e+02,1.007108e+02,1.007577e+02,1.008032e+02,1.008469e+02,1.008887e+02,1.009286e+02,1.009663e+02,1.010019e+02,1.010353e+02,1.010665e+02,1.010956e+02,1.011225e+02,1.011474e+02,1.011703e+02,1.011913e+02,1.012104e+02,1.012279e+02,1.012437e+02,1.012579e+02,1.012708e+02,1.012824e+02,1.012927e+02,1.013019e+02,1.013101e+02,1.013174e+02,1.013239e+02,1.013296e+02,1.013346e+02,1.013390e+02,1.013428e+02,1.013462e+02,1.013491e+02,1.013516e+02,1.013538e+02,1.013557e+02,1.013574e+02,1.013588e+02,1.013600e+02,1.013610e+02,1.013619e+02,1.013627e+02,1.013633e+02,1.013639e+02,1.013643e+02,1.013647e+02,1.013651e+02,1.013653e+02,1.013656e+02,1.013658e+02,1.013659e+02,1.013661e+02,1.013662e+02,1.013663e+02,1.013664e+02,1.013664e+02,1.013665e+02,1.013665e+02,1.013666e+02,1.013666e+02,1.013666e+02,1.013667e+02,1.013667e+02,1.013667e+02,1.013667e+02,1.013667e+02,1.013667e+02,1.013667e+02,1.013667e+02,1.013667e+02,1.013667e+02,1.013667e+02,1.013667e+02,1.013667e+02,1.013667e+02,1.013667e+02,1.013667e+02,1.013667e+02,1.013667e+02,1.013667e+02,1.013667e+02,1.013667e+02,1.013667e+02,1.013667e+02,1.013667e+02,1.013667e+02,1.013667e+02,1.013667e+02,1.013667e+02,1.013667e+02,1.013667e+02,1.013667e+02,1.013667e+02,1.013667e+02,1.013667e+02,1.013667e+02,1.013667e+02,1.013667e+02,1.013667e+02,1.013667e+02,1.013667e+02,1.013667e+02,1.013667e+02,1.013667e+02,1.013667e+02,1.013667e+02,1.013667e+02,1.013667e+02,1.013667e+02,1.013667e+02,1.013667e+02,1.013667e+02,1.013667e+02,1.013667e+02,1.013667e+02,1.013667e+02,1.013667e+02,1.013667e+02,1.013667e+02,1.013667e+02,1.013667e+02,1.013667e+02,1.013667e+02,1.013667e+02,1.013667e+02,1.013667e+02,1.013667e+02,1.013667e+02,1.013667e+02,1.013667e+02,1.013667e+02,1.013667e+02,1.013667e+02,1.013667e+02,1.013667e+02,1.013667e+02,1.013667e+02,1.013667e+02,1.013667e+02,1.013667e+02,1.013667e+02,1.013667e+02,1.013667e+02,1.013667e+02,1.013667e+02,1.013667e+02,1.013667e+02,1.013667e+02,1.013667e+02,1.013667e+02,1.013667e+02,1.013667e+02,1.013667e+02,1.013667e+02,1.013667e+02,1.013667e+02,1.013665e+02,1.013663e+02,1.013659e+02,1.013653e+02,1.013643e+02,1.013628e+02,1.013606e+02,1.013574e+02,1.013530e+02,1.013470e+02,1.013390e+02,1.013286e+02,1.013152e+02,1.012983e+02,1.012772e+02,1.012514e+02,1.012200e+02,1.011825e+02,1.011379e+02,1.010857e+02,1.010251e+02,1.009554e+02,1.008758e+02,1.007859e+02,1.006849e+02,1.005724e+02,1.004480e+02,1.003113e+02,1.001621e+02,1.000000e+02,
0.27,1.000408e+02,1.000863e+02,1.001360e+02,1.001897e+02,1.002470e+02,1.003075e+02,1.003705e+02,1.004357e+02,1.005024e+02,1.005702e+02,1.006386e+02,1.007070e+02,1.007750e+02,1.008422e+02,1.009080e+02,1.009723e+02,1.010346e+02,1.010946e+02,1.011523e+02,1.012072e+02,1.012595e+02,1.013088e+02,1.013553e+02,1.013988e+02,1.014394e+02,1.014771e+02,1.015120e+02,1.015442e+02,1.015737e+02,1.016007e+02,1.016254e+02,1.016477e+02,1.016680e+02,1.016863e+02,1.017028e+02,1.017175e+02,1.017307e+02,1.017425e+02,1.017529e+02,1.017622e+02,1.017704e+02,1.017776e+02,1.017840e+02,1.017895e+02,1.017944e+02,1.017986e+02,1.018023e+02,1.018055e+02,1.018083e+02,1.018107e+02,1.018128e+02,1.018146e+02,1.018161e+02,1.018174e+02,1.018185e+02,1.018195e+02,1.018203e+02,1.018210e+02,1.018216e+02,1.018221e+02,1.018225e+02,1.018229e+02,1.018232e+02,1.018234e+02,1.018236e+02,1.018238e+02,1.018239e+02,1.018240e+02,1.018242e+02,1.018242e+02,1.018243e+02,1.018244e+02,1.018244e+02,1.018244e+02,1.018245e+02,1.018245e+02,1.018245e+02,1.018245e+02,1.018246e+02,1.018246e+02,1.018246e+02,1.018246e+02,1.018246e+02,1.018246e+02,1.018246e+02,1.018246e+02,1.018246e+02,1.018246e+02,1.018246e+02,1.018246e+02,1.018246e+02,1.018246e+02,1.018246e+02,1.018246e+02,1.018246e+02,1.018246e+02,1.018246e+02,1.018246e+02,1.018246e+02,1.018246e+02,1.018246e+02,1.018246e+02,1.018246e+02,1.018246e+02,1.018246e+02,1.018246e+02,1.018246e+02,1.018246e+02,1.018246e+02,1.018246e+02,1.018246e+02,1.018246e+02,1.018246e+02,1.018246e+02,1.018246e+02,1.018246e+02,1.018246e+02,1.018246e+02,1.018246e+02,1.018246e+02,1.018246e+02,1.018246e+02,1.018246e+02,1.018246e+02,1.018246e+02,1.018246e+02,1.018246e+02,1.018246e+02,1.018246e+02,1.018246e+02,1.018246e+02,1.018246e+02,1.018246e+02,1.018246e+02,1.018246e+02,1.018246e+02,1.018246e+02,1.018246e+02,1.018246e+02,1.018246e+02,1.018246e+02,1.018246e+02,1.018246e+02,1.018246e+02,1.018246e+02,1.018246e+02,1.018246e+02,1.018246e+02,1.018246e+02,1.018246e+02,1.018246e+02,1.018246e+02,1.018246e+02,1.018246e+02,1.018246e+02,1.018246e+02,1.018246e+02,1.018246e+02,1.018246e+02,1.018246e+02,1.018246e+02,1.018246e+02,1.018246e+02,1.018246e+02,1.018246e+02,1.018246e+02,1.018246e+02,1.018246e+02,1.018245e+02,1.018244e+02,1.018241e+02,1.018237e+02,1.018230e+02,1.018219e+02,1.018201e+02,1.018176e+02,1.018140e+02,1.018089e+02,1.018020e+02,1.017928e+02,1.017807e+02,1.017652e+02,1.017456e+02,1.017211e+02,1.016909e+02,1.016542e+02,1.016102e+02,1.015579e+02,1.014965e+02,1.014250e+02,1.013427e+02,1.012487e+02,1.011422e+02,1.010225e+02,1.008890e+02,1.007412e+02,1.005787e+02,1.004011e+02,1.002083e+02,1.000000e+02,
0.275,1.000577e+02,1.001213e+02,1.001906e+02,1.002648e+02,1.003435e+02,1.004261e+02,1.005118e+02,1.006000e+02,1.006899e+02,1.007809e+02,1.008723e+02,1.009634e+02,1.010537e+02,1.011425e+02,1.012294e+02,1.013138e+02,1.013955e+02,1.014740e+02,1.015492e+02,1.016207e+02,1.016885e+02,1.017524e+02,1.018124e+02,1.018685e+02,1.019208e+02,1.019692e+02,1.020139e+02,1.020551e+02,1.020928e+02,1.021273e+02,1.021587e+02,1.021871e+02,1.022129e+02,1.022360e+02,1.022569e+02,1.022756e+02,1.022922e+02,1.023071e+02,1.023203e+02,1.023319e+02,1.023423e+02,1.023513e+02,1.023593e+02,1.023663e+02,1.023724e+02,1.023777e+02,1.023824e+02,1.023864e+02,1.023899e+02,1.023929e+02,1.023955e+02,1.023977e+02,1.023996e+02,1.024013e+02,1.024027e+02,1.024039e+02,1.024049e+02,1.024057e+02,1.024065e+02,1.024071e+02,1.024076e+02,1.024080e+02,1.024084e+02,1.024087e+02,1.024090e+02,1.024092e+02,1.024094e+02,1.024095e+02,1.024097e+02,1.024098e+02,1.024099e+02,1.024099e+02,1.024100e+02,1.024100e+02,1.024101e+02,1.024101e+02,1.024101e+02,1.024102e+02,1.024102e+02,1.024102e+02,1.024102e+02,1.024102e+02,1.024102e+02,1.024102e+02,1.024102e+02,1.024102e+02,1.024102e+02,1.024102e+02,1.024102e+02,1.024102e+02,1.024102e+02,1.024102e+02,1.024103e+02,1.024103e+02,1.024103e+02,1.024103e+02,1.024103e+02,1.024103e+02,1.024103e+02,1.024103e+02,1.024103e+02,1.024103e+02,1.024103e+02,1.024103e+02,1.024103e+02,1.024103e+02,1.024103e+02,1.024103e+02,1.024103e+02,1.024103e+02,1.024103e+02,1.024103e+02,1.024103e+02,1.024103e+02,1.024103e+02,1.024103e+02,1.024103e+02,1.024103e+02,1.024103e+02,1.024103e+02,1.024103e+02,1.024103e+02,1.024103e+02,1.024103e+02,1.024103e+02,1.024103e+02,1.024103e+02,1.024103e+02,1.024103e+02,1.024103e+02,1.024103e+02,1.024103e+02,1.024103e+02,1.024103e+02,1.024103e+02,1.024103e+02,1.024103e+02,1.024103e+02,1.024103e+02,1.024103e+02,1.024103e+02,1.024103e+02,1.024103e+02,1.024103e+02,1.024103e+02,1.024103e+02,1.024103e+02,1.024103e+02,1.024103e+02,1.024103e+02,1.024103e+02,1.024103e+02,1.024103e+02,1.024103e+02,1.024103e+02,1.024103e+02,1.024103e+02,1.024103e+02,1.024103e+02,1.024103e+02,1.024103e+02,1.024103e+02,1.024103e+02,1.024103e+02,1.024103e+02,1.024102e+02,1.024102e+02,1.024101e+02,1.024100e+02,1.024097e+02,1.024092e+02,1.024084e+02,1.024072e+02,1.024052e+02,1.024024e+02,1.023983e+02,1.023925e+02,1.023847e+02,1.023742e+02,1.023604e+02,1.023427e+02,1.023201e+02,1.022919e+02,1.022570e+02,1.022146e+02,1.021635e+02,1.021027e+02,1.020311e+02,1.019476e+02,1.018512e+02,1.017408e+02,1.016156e+02,1.014747e+02,1.013173e+02,1.011428e+02,1.009507e+02,1.007405e+02,1.005121e+02,1.002652e+02,1.000000e+02,
0.28,1.000803e+02,1.001682e+02,1.002632e+02,1.003645e+02,1.004713e+02,1.005826e+02,1.006978e+02,1.008156e+02,1.009354e+02,1.010561e+02,1.011769e+02,1.012969e+02,1.014153e+02,1.015316e+02,1.016449e+02,1.017548e+02,1.018607e+02,1.019623e+02,1.020593e+02,1.021514e+02,1.022385e+02,1.023205e+02,1.023973e+02,1.024689e+02,1.025355e+02,1.025971e+02,1.026539e+02,1.027060e+02,1.027538e+02,1.027973e+02,1.028369e+02,1.028728e+02,1.029051e+02,1.029343e+02,1.029605e+02,1.029839e+02,1.030047e+02,1.030233e+02,1.030398e+02,1.030544e+02,1.030672e+02,1.030786e+02,1.030885e+02,1.030972e+02,1.031048e+02,1.031114e+02,1.031172e+02,1.031222e+02,1.031265e+02,1.031302e+02,1.031334e+02,1.031362e+02,1.031386e+02,1.031406e+02,1.031423e+02,1.031438e+02,1.031451e+02,1.031461e+02,1.031470e+02,1.031478e+02,1.031485e+02,1.031490e+02,1.031495e+02,1.031498e+02,1.031502e+02,1.031504e+02,1.031507e+02,1.031509e+02,1.031510e+02,1.031511e+02,1.031512e+02,1.031513e+02,1.031514e+02,1.031515e+02,1.031515e+02,1.031516e+02,1.031516e+02,1.031516e+02,1.031516e+02,1.031517e+02,1.031517e+02,1.031517e+02,1.031517e+02,1.031517e+02,1.031517e+02,1.031517e+02,1.031517e+02,1.031517e+02,1.031517e+02,1.031517e+02,1.031517e+02,1.031517e+02,1.031517e+02,1.031517e+02,1.031517e+02,1.031517e+02,1.031517e+02,1.031517e+02,1.031517e+02,1.031517e+02,1.031517e+02,1.031517e+02,1.031517e+02,1.031517e+02,1.031517e+02,1.031517e+02,1.031517e+02,1.031517e+02,1.031517e+02,1.031517e+02,1.031517e+02,1.031517e+02,1.031517e+02,1.031517e+02,1.031517e+02,1.031517e+02,1.031517e+02,1.031517e+02,1.031517e+02,1.031517e+02,1.031517e+02,1.031517e+02,1.031517e+02,1.031517e+02,1.031517e+02,1.031517e+02,1.031517e+02,1.031517e+02,1.031517e+02,1.031517e+02,1.031517e+02,1.031517e+02,1.031517e+02,1.031517e+02,1.031517e+02,1.031517e+02,1.031517e+02,1.031517e+02,1.031517e+02,1.031517e+02,1.031517e+02,1.031517e+02,1.031517e+02,1.031517e+02,1.031517e+02,1.031517e+02,1.031517e+02,1.031517e+02,1.031517e+02,1.031517e+02,1.031517e+02,1.031517e+02,1.031517e+02,1.031517e+02,1.031517e+02,1.031517e+02,1.031517e+02,1.031517e+02,1.031517e+02,1.031517e+02,1.031517e+02,1.031517e+02,1.031517e+02,1.031517e+02,1.031517e+02,1.031517e+02,1.031516e+02,1.031515e+02,1.031512e+02,1.031506e+02,1.031498e+02,1.031484e+02,1.031462e+02,1.031430e+02,1.031385e+02,1.031321e+02,1.031233e+02,1.031115e+02,1.030960e+02,1.030758e+02,1.030502e+02,1.030181e+02,1.029783e+02,1.029296e+02,1.028709e+02,1.028009e+02,1.027181e+02,1.026215e+02,1.025095e+02,1.023811e+02,1.022351e+02,1.020704e+02,1.018861e+02,1.016814e+02,1.014557e+02,1.012084e+02,1.009392e+02,1.006480e+02,1.003349e+02,1.000000e+02,
0.285,1.001102e+02,1.002301e+02,1.003587e+02,1.004951e+02,1.006382e+02,1.007867e+02,1.009395e+02,1.010953e+02,1.012530e+02,1.014114e+02,1.015693e+02,1.017256e+02,1.018795e+02,1.020300e+02,1.021764e+02,1.023179e+02,1.024540e+02,1.025842e+02,1.027082e+02,1.028256e+02,1.029365e+02,1.030405e+02,1.031378e+02,1.032284e+02,1.033124e+02,1.033901e+02,1.034615e+02,1.035270e+02,1.035869e+02,1.036415e+02,1.036909e+02,1.037357e+02,1.037761e+02,1.038124e+02,1.038449e+02,1.038740e+02,1.038999e+02,1.039230e+02,1.039434e+02,1.039614e+02,1.039773e+02,1.039913e+02,1.040036e+02,1.040143e+02,1.040237e+02,1.040319e+02,1.040390e+02,1.040451e+02,1.040504e+02,1.040550e+02,1.040590e+02,1.040624e+02,1.040653e+02,1.040678e+02,1.040699e+02,1.040717e+02,1.040733e+02,1.040746e+02,1.040757e+02,1.040766e+02,1.040774e+02,1.040781e+02,1.040787e+02,1.040791e+02,1.040795e+02,1.040799e+02,1.040801e+02,1.040804e+02,1.040806e+02,1.040807e+02,1.040809e+02,1.040810e+02,1.040811e+02,1.040811e+02,1.040812e+02,1.040812e+02,1.040813e+02,1.040813e+02,1.040813e+02,1.040814e+02,1.040814e+02,1.040814e+02,1.040814e+02,1.040814e+02,1.040814e+02,1.040814e+02,1.040814e+02,1.040814e+02,1.040814e+02,1.040815e+02,1.040815e+02,1.040815e+02,1.040815e+02,1.040815e+02,1.040815e+02,1.040815e+02,1.040815e+02,1.040815e+02,1.040815e+02,1.040815e+02,1.040815e+02,1.040815e+02,1.040815e+02,1.040815e+02,1.040815e+02,1.040815e+02,1.040815e+02,1.040815e+02,1.040815e+02,1.040815e+02,1.040815e+02,1.040815e+02,1.040815e+02,1.040815e+02,1.040815e+02,1.040815e+02,1.040815e+02,1.040815e+02,1.040815e+02,1.040815e+02,1.040815e+02,1.040815e+02,1.040815e+02,1.040815e+02,1.040815e+02,1.040815e+02,1.040815e+02,1.040815e+02,1.040815e+02,1.040815e+02,1.040815e+02,1.040815e+02,1.040815e+02,1.040815e+02,1.040815e+02,1.040815e+02,1.040815e+02,1.040815e+02,1.040815e+02,1.040815e+02,1.040815e+02,1.040815e+02,1.040815e+02,1.040815e+02,1.040815e+02,1.040815e+02,1.040815e+02,1.040815e+02,1.040815e+02,1.040815e+02,1.040815e+02,1.040815e+02,1.040815e+02,1.040815e+02,1.040815e+02,1.040815e+02,1.040815e+02,1.040815e+02,1.040815e+02,1.040815e+02,1.040815e+02,1.040815e+02,1.040815e+02,1.040814e+02,1.040814e+02,1.040813e+02,1.040812e+02,1.040808e+02,1.040803e+02,1.040793e+02,1.040778e+02,1.040755e+02,1.040720e+02,1.040670e+02,1.040600e+02,1.040502e+02,1.040372e+02,1.040199e+02,1.039974e+02,1.039686e+02,1.039324e+02,1.038875e+02,1.038324e+02,1.037656e+02,1.036857e+02,1.035911e+02,1.034801e+02,1.033513e+02,1.032032e+02,1.030343e+02,1.028433e+02,1.026291e+02,1.023907e+02,1.021272e+02,1.018380e+02,1.015227e+02,1.011811e+02,1.008133e+02,1.004194e+02,1.000000e+02,
0.29,1.001493e+02,1.003107e+02,1.004828e+02,1.006643e+02,1.008538e+02,1.010496e+02,1.012502e+02,1.014540e+02,1.016594e+02,1.018650e+02,1.020693e+02,1.022710e+02,1.024689e+02,1.026619e+02,1.028491e+02,1.030296e+02,1.032027e+02,1.033680e+02,1.035250e+02,1.036735e+02,1.038132e+02,1.039441e+02,1.040663e+02,1.041798e+02,1.042850e+02,1.043819e+02,1.044710e+02,1.045526e+02,1.046270e+02,1.046947e+02,1.047560e+02,1.048115e+02,1.048614e+02,1.049062e+02,1.049463e+02,1.049822e+02,1.050141e+02,1.050424e+02,1.050675e+02,1.050896e+02,1.051091e+02,1.051263e+02,1.051413e+02,1.051544e+02,1.051659e+02,1.051759e+02,1.051845e+02,1.051920e+02,1.051985e+02,1.052041e+02,1.052090e+02,1.052131e+02,1.052166e+02,1.052197e+02,1.052223e+02,1.052245e+02,1.052264e+02,1.052280e+02,1.052293e+02,1.052305e+02,1.052314e+02,1.052322e+02,1.052329e+02,1.052335e+02,1.052340e+02,1.052344e+02,1.052347e+02,1.052350e+02,1.052352e+02,1.052354e+02,1.052356e+02,1.052357e+02,1.052358e+02,1.052359e+02,1.052360e+02,1.052361e+02,1.052361e+02,1.052362e+02,1.052362e+02,1.052362e+02,1.052362e+02,1.052363e+02,1.052363e+02,1.052363e+02,1.052363e+02,1.052363e+02,1.052363e+02,1.052363e+02,1.052363e+02,1.052363e+02,1.052363e+02,1.052363e+02,1.052363e+02,1.052363e+02,1.052363e+02,1.052363e+02,1.052363e+02,1.052363e+02,1.052363e+02,1.052363e+02,1.052363e+02,1.052363e+02,1.052363e+02,1.052363e+02,1.052363e+02,1.052363e+02,1.052363e+02,1.052363e+02,1.052363e+02,1.052363e+02,1.052363e+02,1.052363e+02,1.052363e+02,1.052363e+02,1.052363e+02,1.052363e+02,1.052363e+02,1.052363e+02,1.052363e+02,1.052363e+02,1.052363e+02,1.052363e+02,1.052363e+02,1.052363e+02,1.052363e+02,1.052363e+02,1.052363e+02,1.052363e+02,1.052363e+02,1.052363e+02,1.052363e+02,1.052363e+02,1.052363e+02,1.052363e+02,1.052363e+02,1.052363e+02,1.052363e+02,1.052363e+02,1.052363e+02,1.052363e+02,1.052363e+02,1.052363e+02,1.052363e+02,1.052363e+02,1.052363e+02,1.052363e+02,1.052363e+02,1.052363e+02,1.052363e+02,1.052363e+02,1.052363e+02,1.052363e+02,1.052363e+02,1.052363e+02,1.052363e+02,1.052363e+02,1.052363e+02,1.052363e+02,1.052363e+02,1.052363e+02,1.052363e+02,1.052363e+02,1.052363e+02,1.052363e+02,1.052362e+02,1.052360e+02,1.052357e+02,1.052351e+02,1.052341e+02,1.052325e+02,1.052300e+02,1.052263e+02,1.052208e+02,1.052132e+02,1.052026e+02,1.051883e+02,1.051692e+02,1.051444e+02,1.051126e+02,1.050723e+02,1.050221e+02,1.049603e+02,1.048852e+02,1.047950e+02,1.046879e+02,1.045618e+02,1.044150e+02,1.042456e+02,1.040520e+02,1.038324e+02,1.035854e+02,1.033097e+02,1.030043e+02,1.026685e+02,1.023015e+02,1.019031e+02,1.014734e+02,1.010126e+02,1.005212e+02,1.000000e+02,
0.295,1.001998e+02,1.004144e+02,1.006421e+02,1.008810e+02,1.011291e+02,1.013845e+02,1.016451e+02,1.019089e+02,1.021739e+02,1.024382e+02,1.027000e+02,1.029577e+02,1.032098e+02,1.034550e+02,1.036921e+02,1.039202e+02,1.041385e+02,1.043464e+02,1.045435e+02,1.047294e+02,1.049040e+02,1.050673e+02,1.052193e+02,1.053605e+02,1.054908e+02,1.056109e+02,1.057210e+02,1.058217e+02,1.059135e+02,1.059967e+02,1.060721e+02,1.061402e+02,1.062014e+02,1.062562e+02,1.063053e+02,1.063491e+02,1.063880e+02,1.064226e+02,1.064531e+02,1.064801e+02,1.065038e+02,1.065247e+02,1.065429e+02,1.065589e+02,1.065728e+02,1.065849e+02,1.065954e+02,1.066045e+02,1.066123e+02,1.066191e+02,1.066249e+02,1.066299e+02,1.066342e+02,1.066379e+02,1.066410e+02,1.066437e+02,1.066460e+02,1.066479e+02,1.066496e+02,1.066509e+02,1.066521e+02,1.066531e+02,1.066539e+02,1.066546e+02,1.066552e+02,1.066557e+02,1.066561e+02,1.066564e+02,1.066567e+02,1.066569e+02,1.066571e+02,1.066573e+02,1.066574e+02,1.066575e+02,1.066576e+02,1.066577e+02,1.066578e+02,1.066578e+02,1.066579e+02,1.066579e+02,1.066579e+02,1.066579e+02,1.066580e+02,1.066580e+02,1.066580e+02,1.066580e+02,1.066580e+02,1.066580e+02,1.066580e+02,1.066580e+02,1.066580e+02,1.066580e+02,1.066580e+02,1.066580e+02,1.066580e+02,1.066580e+02,1.066580e+02,1.066580e+02,1.066580e+02,1.066580e+02,1.066580e+02,1.066580e+02,1.066580e+02,1.066580e+02,1.066580e+02,1.066580e+02,1.066580e+02,1.066580e+02,1.066580e+02,1.066580e+02,1.066580e+02,1.066580e+02,1.066580e+02,1.066580e+02,1.066580e+02,1.066580e+02,1.066580e+02,1.066580e+02,1.066580e+02,1.066580e+02,1.066580e+02,1.066580e+02,1.066580e+02,1.066580e+02,1.066580e+02,1.066580e+02,1.066580e+02,1.066580e+02,1.066580e+02,1.066580e+02,1.066580e+02,1.066580e+02,1.066580e+02,1.066580e+02,1.066580e+02,1.066580e+02,1.066580e+02,1.066580e+02,1.066580e+02,1.066580e+02,1.066580e+02,1.066580e+02,1.066580e+02,1.066580e+02,1.066580e+02,1.066580e+02,1.066580e+02,1.066580e+02,1.066580e+02,1.066580e+02,1.066580e+02,1.066580e+02,1.066580e+02,1.066580e+02,1.066580e+02,1.066580e+02,1.066580e+02,1.066580e+02,1.066580e+02,1.066580e+02,1.066580e+02,1.066580e+02,1.066580e+02,1.066579e+02,1.066577e+02,1.066574e+02,1.066568e+02,1.066557e+02,1.066540e+02,1.066514e+02,1.066474e+02,1.066417e+02,1.066335e+02,1.066221e+02,1.066066e+02,1.065860e+02,1.065589e+02,1.065241e+02,1.064798e+02,1.064244e+02,1.063559e+02,1.062724e+02,1.061717e+02,1.060516e+02,1.059098e+02,1.057441e+02,1.055523e+02,1.053322e+02,1.050818e+02,1.047994e+02,1.044833e+02,1.041321e+02,1.037448e+02,1.033206e+02,1.028590e+02,1.023601e+02,1.018239e+02,1.012512e+02,1.006428e+02,1.000000e+02,
0.3,1.002643e+02,1.005464e+02,1.008443e+02,1.011553e+02,1.014771e+02,1.018068e+02,1.021421e+02,1.024802e+02,1.028187e+02,1.031552e+02,1.034876e+02,1.038138e+02,1.041321e+02,1.044408e+02,1.047386e+02,1.050243e+02,1.052972e+02,1.055564e+02,1.058015e+02,1.060323e+02,1.062487e+02,1.064506e+02,1.066384e+02,1.068122e+02,1.069726e+02,1.071200e+02,1.072551e+02,1.073783e+02,1.074904e+02,1.075921e+02,1.076840e+02,1.077668e+02,1.078413e+02,1.079079e+02,1.079675e+02,1.080205e+02,1.080677e+02,1.081095e+02,1.081464e+02,1.081790e+02,1.082076e+02,1.082327e+02,1.082547e+02,1.082739e+02,1.082907e+02,1.083052e+02,1.083178e+02,1.083288e+02,1.083382e+02,1.083463e+02,1.083533e+02,1.083594e+02,1.083645e+02,1.083689e+02,1.083727e+02,1.083759e+02,1.083786e+02,1.083809e+02,1.083829e+02,1.083845e+02,1.083859e+02,1.083871e+02,1.083881e+02,1.083889e+02,1.083896e+02,1.083902e+02,1.083907e+02,1.083911e+02,1.083915e+02,1.083917e+02,1.083920e+02,1.083922e+02,1.083923e+02,1.083925e+02,1.083926e+02,1.083927e+02,1.083927e+02,1.083928e+02,1.083929e+02,1.083929e+02,1.083929e+02,1.083930e+02,1.083930e+02,1.083930e+02,1.083930e+02,1.083930e+02,1.083930e+02,1.083930e+02,1.083930e+02,1.083931e+02,1.083931e+02,1.083931e+02,1.083931e+02,1.083931e+02,1.083931e+02,1.083931e+02,1.083931e+02,1.083931e+02,1.083931e+02,1.083931e+02,1.083931e+02,1.083931e+02,1.083931e+02,1.083931e+02,1.083931e+02,1.083931e+02,1.083931e+02,1.083931e+02,1.083931e+02,1.083931e+02,1.083931e+02,1.083931e+02,1.083931e+02,1.083931e+02,1.083931e+02,1.083931e+02,1.083931e+02,1.083931e+02,1.083931e+02,1.083931e+02,1.083931e+02,1.083931e+02,1.083931e+02,1.083931e+02,1.083931e+02,1.083931e+02,1.083931e+02,1.083931e+02,1.083931e+02,1.083931e+02,1.083931e+02,1.083931e+02,1.083931e+02,1.083931e+02,1.083931e+02,1.083931e+02,1.083931e+02,1.083931e+02,1.083931e+02,1.083931e+02,1.083931e+02,1.083931e+02,1.083931e+02,1.083931e+02,1.083931e+02,1.083931e+02,1.083931e+02,1.083931e+02,1.083931e+02,1.083931e+02,1.083931e+02,1.083931e+02,1.083931e+02,1.083931e+02,1.083931e+02,1.083931e+02,1.083931e+02,1.083931e+02,1.083931e+02,1.083931e+02,1.083931e+02,1.083930e+02,1.083929e+02,1.083928e+02,1.083924e+02,1.083918e+02,1.083907e+02,1.083890e+02,1.083862e+02,1.083821e+02,1.083761e+02,1.083674e+02,1.083554e+02,1.083389e+02,1.083168e+02,1.082877e+02,1.082500e+02,1.082019e+02,1.081415e+02,1.080665e+02,1.079747e+02,1.078635e+02,1.077303e+02,1.075725e+02,1.073873e+02,1.071722e+02,1.069244e+02,1.066416e+02,1.063215e+02,1.059620e+02,1.055614e+02,1.051183e+02,1.046315e+02,1.041005e+02,1.035249e+02,1.029050e+02,1.022413e+02,1.015350e+02,1.007873e+02,1.000000e+02,
0.305,1.003456e+02,1.007127e+02,1.010983e+02,1.014993e+02,1.019123e+02,1.023340e+02,1.027612e+02,1.031905e+02,1.036190e+02,1.040437e+02,1.044620e+02,1.048713e+02,1.052696e+02,1.056549e+02,1.060257e+02,1.063806e+02,1.067188e+02,1.070393e+02,1.073418e+02,1.076260e+02,1.078919e+02,1.081396e+02,1.083694e+02,1.085819e+02,1.087776e+02,1.089572e+02,1.091214e+02,1.092711e+02,1.094071e+02,1.095302e+02,1.096414e+02,1.097414e+02,1.098312e+02,1.099115e+02,1.099832e+02,1.100470e+02,1.101037e+02,1.101538e+02,1.101981e+02,1.102371e+02,1.102714e+02,1.103015e+02,1.103278e+02,1.103508e+02,1.103707e+02,1.103881e+02,1.104032e+02,1.104162e+02,1.104275e+02,1.104372e+02,1.104455e+02,1.104527e+02,1.104588e+02,1.104641e+02,1.104685e+02,1.104724e+02,1.104756e+02,1.104784e+02,1.104807e+02,1.104827e+02,1.104843e+02,1.104857e+02,1.104869e+02,1.104879e+02,1.104887e+02,1.104894e+02,1.104900e+02,1.104905e+02,1.104909e+02,1.104912e+02,1.104915e+02,1.104918e+02,1.104919e+02,1.104921e+02,1.104922e+02,1.104923e+02,1.104924e+02,1.104925e+02,1.104926e+02,1.104926e+02,1.104927e+02,1.104927e+02,1.104927e+02,1.104927e+02,1.104928e+02,1.104928e+02,1.104928e+02,1.104928e+02,1.104928e+02,1.104928e+02,1.104928e+02,1.104928e+02,1.104928e+02,1.104928e+02,1.104928e+02,1.104928e+02,1.104928e+02,1.104928e+02,1.104928e+02,1.104928e+02,1.104928e+02,1.104928e+02,1.104928e+02,1.104928e+02,1.104928e+02,1.104928e+02,1.104928e+02,1.104928e+02,1.104928e+02,1.104928e+02,1.104928e+02,1.104928e+02,1.104928e+02,1.104928e+02,1.104928e+02,1.104928e+02,1.104928e+02,1.104928e+02,1.104928e+02,1.104928e+02,1.104928e+02,1.104928e+02,1.104928e+02,1.104928e+02,1.104928e+02,1.104928e+02,1.104928e+02,1.104928e+02,1.104928e+02,1.104928e+02,1.104928e+02,1.104928e+02,1.104928e+02,1.104928e+02,1.104928e+02,1.104928e+02,1.104928e+02,1.104928e+02,1.104928e+02,1.104928e+02,1.104928e+02,1.104928e+02,1.104928e+02,1.104928e+02,1.104928e+02,1.104928e+02,1.104928e+02,1.104928e+02,1.104928e+02,1.104928e+02,1.104928e+02,1.104928e+02,1.104928e+02,1.104928e+02,1.104928e+02,1.104928e+02,1.104928e+02,1.104928e+02,1.104928e+02,1.104928e+02,1.104928e+02,1.104927e+02,1.104925e+02,1.104922e+02,1.104915e+02,1.104905e+02,1.104887e+02,1.104859e+02,1.104817e+02,1.104754e+02,1.104665e+02,1.104538e+02,1.104365e+02,1.104132e+02,1.103823e+02,1.103421e+02,1.102905e+02,1.102254e+02,1.101443e+02,1.100445e+02,1.099230e+02,1.097770e+02,1.096032e+02,1.093985e+02,1.091596e+02,1.088835e+02,1.085671e+02,1.082076e+02,1.078025e+02,1.073494e+02,1.068465e+02,1.062923e+02,1.056858e+02,1.050266e+02,1.043146e+02,1.035504e+02,1.027351e+02,1.018701e+02,1.009576e+02,1.000000e+02,
0.31,1.004473e+02,1.009201e+02,1.014144e+02,1.019263e+02,1.024515e+02,1.029859e+02,1.035253e+02,1.040658e+02,1.046034e+02,1.051348e+02,1.056566e+02,1.061659e+02,1.066602e+02,1.071372e+02,1.075951e+02,1.080324e+02,1.084481e+02,1.088413e+02,1.092116e+02,1.095587e+02,1.098829e+02,1.101843e+02,1.104636e+02,1.107212e+02,1.109581e+02,1.111752e+02,1.113734e+02,1.115538e+02,1.117174e+02,1.118654e+02,1.119988e+02,1.121187e+02,1.122262e+02,1.123222e+02,1.124079e+02,1.124841e+02,1.125516e+02,1.126113e+02,1.126641e+02,1.127105e+02,1.127512e+02,1.127869e+02,1.128181e+02,1.128454e+02,1.128691e+02,1.128897e+02,1.129075e+02,1.129229e+02,1.129363e+02,1.129477e+02,1.129576e+02,1.129661e+02,1.129733e+02,1.129795e+02,1.129848e+02,1.129893e+02,1.129931e+02,1.129964e+02,1.129992e+02,1.130015e+02,1.130035e+02,1.130051e+02,1.130065e+02,1.130077e+02,1.130087e+02,1.130095e+02,1.130102e+02,1.130108e+02,1.130112e+02,1.130116e+02,1.130120e+02,1.130122e+02,1.130125e+02,1.130126e+02,1.130128e+02,1.130129e+02,1.130130e+02,1.130131e+02,1.130132e+02,1.130133e+02,1.130133e+02,1.130133e+02,1.130134e+02,1.130134e+02,1.130134e+02,1.130134e+02,1.130134e+02,1.130135e+02,1.130135e+02,1.130135e+02,1.130135e+02,1.130135e+02,1.130135e+02,1.130135e+02,1.130135e+02,1.130135e+02,1.130135e+02,1.130135e+02,1.130135e+02,1.130135e+02,1.130135e+02,1.130135e+02,1.130135e+02,1.130135e+02,1.130135e+02,1.130135e+02,1.130135e+02,1.130135e+02,1.130135e+02,1.130135e+02,1.130135e+02,1.130135e+02,1.130135e+02,1.130135e+02,1.130135e+02,1.130135e+02,1.130135e+02,1.130135e+02,1.130135e+02,1.130135e+02,1.130135e+02,1.130135e+02,1.130135e+02,1.130135e+02,1.130135e+02,1.130135e+02,1.130135e+02,1.130135e+02,1.130135e+02,1.130135e+02,1.130135e+02,1.130135e+02,1.130135e+02,1.130135e+02,1.130135e+02,1.130135e+02,1.130135e+02,1.130135e+02,1.130135e+02,1.130135e+02,1.130135e+02,1.130135e+02,1.130135e+02,1.130135e+02,1.130135e+02,1.130135e+02,1.130135e+02,1.130135e+02,1.130135e+02,1.130135e+02,1.130135e+02,1.130135e+02,1.130135e+02,1.130135e+02,1.130135e+02,1.130135e+02,1.130135e+02,1.130135e+02,1.130135e+02,1.130135e+02,1.130134e+02,1.130132e+02,1.130129e+02,1.130123e+02,1.130112e+02,1.130094e+02,1.130067e+02,1.130024e+02,1.129960e+02,1.129868e+02,1.129738e+02,1.129559e+02,1.129315e+02,1.128992e+02,1.128568e+02,1.128023e+02,1.127330e+02,1.126463e+02,1.125391e+02,1.124080e+02,1.122497e+02,1.120604e+02,1.118365e+02,1.115741e+02,1.112694e+02,1.109189e+02,1.105191e+02,1.100667e+02,1.095588e+02,1.089930e+02,1.083673e+02,1.076802e+02,1.069308e+02,1.061190e+02,1.052450e+02,1.043099e+02,1.033153e+02,1.022635e+02,1.011573e+02,1.000000e+02,
0.315,1.005732e+02,1.011762e+02,1.018040e+02,1.024516e+02,1.031135e+02,1.037847e+02,1.044601e+02,1.051346e+02,1.058037e+02,1.064631e+02,1.071088e+02,1.077374e+02,1.083459e+02,1.089318e+02,1.094928e+02,1.100274e+02,1.105344e+02,1.110130e+02,1.114627e+02,1.118836e+02,1.122758e+02,1.126398e+02,1.129765e+02,1.132866e+02,1.135712e+02,1.138316e+02,1.140689e+02,1.142847e+02,1.144801e+02,1.146565e+02,1.148155e+02,1.149581e+02,1.150859e+02,1.151999e+02,1.153015e+02,1.153917e+02,1.154717e+02,1.155423e+02,1.156046e+02,1.156594e+02,1.157074e+02,1.157495e+02,1.157863e+02,1.158184e+02,1.158463e+02,1.158705e+02,1.158915e+02,1.159096e+02,1.159253e+02,1.159388e+02,1.159503e+02,1.159603e+02,1.159688e+02,1.159761e+02,1.159823e+02,1.159876e+02,1.159921e+02,1.159959e+02,1.159991e+02,1.160018e+02,1.160041e+02,1.160061e+02,1.160077e+02,1.160091e+02,1.160103e+02,1.160112e+02,1.160120e+02,1.160127e+02,1.160133e+02,1.160137e+02,1.160141e+02,1.160145e+02,1.160147e+02,1.160149e+02,1.160151e+02,1.160153e+02,1.160154e+02,1.160155e+02,1.160156e+02,1.160157e+02,1.160157e+02,1.160158e+02,1.160158e+02,1.160158e+02,1.160158e+02,1.160159e+02,1.160159e+02,1.160159e+02,1.160159e+02,1.160159e+02,1.160159e+02,1.160159e+02,1.160159e+02,1.160159e+02,1.160159e+02,1.160159e+02,1.160159e+02,1.160159e+02,1.160159e+02,1.160160e+02,1.160160e+02,1.160160e+02,1.160160e+02,1.160160e+02,1.160160e+02,1.160160e+02,1.160160e+02,1.160160e+02,1.160160e+02,1.160160e+02,1.160160e+02,1.160160e+02,1.160160e+02,1.160160e+02,1.160160e+02,1.160160e+02,1.160160e+02,1.160160e+02,1.160160e+02,1.160160e+02,1.160160e+02,1.160160e+02,1.160160e+02,1.160160e+02,1.160160e+02,1.160160e+02,1.160160e+02,1.160160e+02,1.160160e+02,1.160160e+02,1.160160e+02,1.160160e+02,1.160160e+02,1.160160e+02,1.160160e+02,1.160160e+02,1.160160e+02,1.160160e+02,1.160160e+02,1.160160e+02,1.160160e+02,1.160160e+02,1.160160e+02,1.160160e+02,1.160160e+02,1.160160e+02,1.160160e+02,1.160160e+02,1.160160e+02,1.160160e+02,1.160160e+02,1.160160e+02,1.160160e+02,1.160160e+02,1.160160e+02,1.160160e+02,1.160160e+02,1.160159e+02,1.160159e+02,1.160158e+02,1.160157e+02,1.160154e+02,1.160148e+02,1.160137e+02,1.160120e+02,1.160093e+02,1.160050e+02,1.159986e+02,1.159894e+02,1.159762e+02,1.159578e+02,1.159328e+02,1.158994e+02,1.158554e+02,1.157984e+02,1.157256e+02,1.156341e+02,1.155202e+02,1.153805e+02,1.152108e+02,1.150070e+02,1.147647e+02,1.144796e+02,1.141471e+02,1.137628e+02,1.133225e+02,1.128221e+02,1.122582e+02,1.116274e+02,1.109271e+02,1.101551e+02,1.093102e+02,1.083915e+02,1.073992e+02,1.063342e+02,1.051980e+02,1.039931e+02,1.027225e+02,1.013900e+02,1.000000e+02,
0.32,1.007276e+02,1.014896e+02,1.022799e+02,1.030920e+02,1.039193e+02,1.047554e+02,1.055939e+02,1.064290e+02,1.072551e+02,1.080668e+02,1.088597e+02,1.096296e+02,1.103730e+02,1.110870e+02,1.117692e+02,1.124178e+02,1.130315e+02,1.136097e+02,1.141519e+02,1.146583e+02,1.151293e+02,1.155657e+02,1.159685e+02,1.163389e+02,1.166784e+02,1.169884e+02,1.172707e+02,1.175268e+02,1.177584e+02,1.179674e+02,1.181553e+02,1.183238e+02,1.184745e+02,1.186089e+02,1.187285e+02,1.188346e+02,1.189285e+02,1.190115e+02,1.190845e+02,1.191487e+02,1.192051e+02,1.192543e+02,1.192974e+02,1.193349e+02,1.193675e+02,1.193957e+02,1.194202e+02,1.194414e+02,1.194597e+02,1.194754e+02,1.194889e+02,1.195005e+02,1.195104e+02,1.195189e+02,1.195261e+02,1.195323e+02,1.195375e+02,1.195419e+02,1.195457e+02,1.195489e+02,1.195516e+02,1.195538e+02,1.195557e+02,1.195574e+02,1.195587e+02,1.195598e+02,1.195608e+02,1.195616e+02,1.195622e+02,1.195628e+02,1.195632e+02,1.195636e+02,1.195639e+02,1.195642e+02,1.195644e+02,1.195645e+02,1.195647e+02,1.195648e+02,1.195649e+02,1.195650e+02,1.195651e+02,1.195651e+02,1.195652e+02,1.195652e+02,1.195652e+02,1.195652e+02,1.195653e+02,1.195653e+02,1.195653e+02,1.195653e+02,1.195653e+02,1.195653e+02,1.195653e+02,1.195653e+02,1.195653e+02,1.195653e+02,1.195653e+02,1.195653e+02,1.195653e+02,1.195653e+02,1.195653e+02,1.195653e+02,1.195653e+02,1.195653e+02,1.195653e+02,1.195653e+02,1.195653e+02,1.195653e+02,1.195653e+02,1.195653e+02,1.195653e+02,1.195653e+02,1.195653e+02,1.195653e+02,1.195653e+02,1.195653e+02,1.195653e+02,1.195653e+02,1.195653e+02,1.195653e+02,1.195653e+02,1.195653e+02,1.195653e+02,1.195653e+02,1.195653e+02,1.195653e+02,1.195653e+02,1.195653e+02,1.195653e+02,1.195653e+02,1.195653e+02,1.195653e+02,1.195653e+02,1.195653e+02,1.195653e+02,1.195653e+02,1.195653e+02,1.195653e+02,1.195653e+02,1.195653e+02,1.195653e+02,1.195653e+02,1.195653e+02,1.195653e+02,1.195653e+02,1.195653e+02,1.195653e+02,1.195653e+02,1.195653e+02,1.195653e+02,1.195653e+02,1.195653e+02,1.195653e+02,1.195653e+02,1.195653e+02,1.195653e+02,1.195653e+02,1.195653e+02,1.195652e+02,1.195651e+02,1.195648e+02,1.195642e+02,1.195633e+02,1.195616e+02,1.195589e+02,1.195548e+02,1.195485e+02,1.195393e+02,1.195261e+02,1.195076e+02,1.194823e+02,1.194482e+02,1.194030e+02,1.193443e+02,1.192688e+02,1.191733e+02,1.190540e+02,1.189068e+02,1.187271e+02,1.185102e+02,1.182511e+02,1.179446e+02,1.175856e+02,1.171687e+02,1.166888e+02,1.161411e+02,1.155210e+02,1.148244e+02,1.140477e+02,1.131882e+02,1.122435e+02,1.112125e+02,1.100947e+02,1.088907e+02,1.076018e+02,1.062306e+02,1.047803e+02,1.032550e+02,1.016597e+02,1.000000e+02,
0.325,1.009153e+02,1.018700e+02,1.028564e+02,1.038664e+02,1.048919e+02,1.059251e+02,1.069583e+02,1.079842e+02,1.089961e+02,1.099880e+02,1.109542e+02,1.118902e+02,1.127917e+02,1.136555e+02,1.144789e+02,1.152601e+02,1.159977e+02,1.166911e+02,1.173401e+02,1.179450e+02,1.185066e+02,1.190259e+02,1.195044e+02,1.199438e+02,1.203457e+02,1.207122e+02,1.210454e+02,1.213473e+02,1.216200e+02,1.218656e+02,1.220862e+02,1.222838e+02,1.224604e+02,1.226176e+02,1.227574e+02,1.228813e+02,1.229909e+02,1.230876e+02,1.231727e+02,1.232474e+02,1.233129e+02,1.233702e+02,1.234202e+02,1.234637e+02,1.235015e+02,1.235343e+02,1.235627e+02,1.235873e+02,1.236084e+02,1.236266e+02,1.236423e+02,1.236557e+02,1.236672e+02,1.236770e+02,1.236853e+02,1.236925e+02,1.236985e+02,1.237037e+02,1.237080e+02,1.237117e+02,1.237148e+02,1.237174e+02,1.237196e+02,1.237215e+02,1.237231e+02,1.237244e+02,1.237254e+02,1.237264e+02,1.237271e+02,1.237278e+02,1.237283e+02,1.237287e+02,1.237291e+02,1.237294e+02,1.237296e+02,1.237298e+02,1.237300e+02,1.237301e+02,1.237303e+02,1.237303e+02,1.237304e+02,1.237305e+02,1.237305e+02,1.237306e+02,1.237306e+02,1.237306e+02,1.237307e+02,1.237307e+02,1.237307e+02,1.237307e+02,1.237307e+02,1.237307e+02,1.237307e+02,1.237307e+02,1.237307e+02,1.237307e+02,1.237307e+02,1.237308e+02,1.237308e+02,1.237308e+02,1.237308e+02,1.237308e+02,1.237308e+02,1.237308e+02,1.237308e+02,1.237308e+02,1.237308e+02,1.237308e+02,1.237308e+02,1.237308e+02,1.237308e+02,1.237308e+02,1.237308e+02,1.237308e+02,1.237308e+02,1.237308e+02,1.237308e+02,1.237308e+02,1.237308e+02,1.237308e+02,1.237308e+02,1.237308e+02,1.237308e+02,1.237308e+02,1.237308e+02,1.237308e+02,1.237308e+02,1.237308e+02,1.237308e+02,1.237308e+02,1.237308e+02,1.237308e+02,1.237308e+02,1.237308e+02,1.237308e+02,1.237308e+02,1.237308e+02,1.237308e+02,1.237308e+02,1.237308e+02,1.237308e+02,1.237308e+02,1.237308e+02,1.237308e+02,1.237308e+02,1.237308e+02,1.237308e+02,1.237308e+02,1.237308e+02,1.237308e+02,1.237308e+02,1.237308e+02,1.237308e+02,1.237308e+02,1.237308e+02,1.237308e+02,1.237307e+02,1.237307e+02,1.237305e+02,1.237303e+02,1.237298e+02,1.237288e+02,1.237273e+02,1.237247e+02,1.237207e+02,1.237146e+02,1.237056e+02,1.236926e+02,1.236743e+02,1.236490e+02,1.236147e+02,1.235690e+02,1.235092e+02,1.234320e+02,1.233337e+02,1.232102e+02,1.230570e+02,1.228690e+02,1.226408e+02,1.223669e+02,1.220413e+02,1.216579e+02,1.212106e+02,1.206932e+02,1.200998e+02,1.194249e+02,1.186632e+02,1.178102e+02,1.168619e+02,1.158152e+02,1.146681e+02,1.134194e+02,1.120690e+02,1.106180e+02,1.090687e+02,1.074244e+02,1.056895e+02,1.038694e+02,1.019706e+02,1.000000e+02,
0.33,1.011416e+02,1.023279e+02,1.035491e+02,1.047954e+02,1.060569e+02,1.073240e+02,1.085873e+02,1.098384e+02,1.110691e+02,1.122722e+02,1.134413e+02,1.145709e+02,1.156564e+02,1.166940e+02,1.176810e+02,1.186152e+02,1.194954e+02,1.203212e+02,1.210925e+02,1.218100e+02,1.224748e+02,1.230886e+02,1.236531e+02,1.241705e+02,1.246431e+02,1.250734e+02,1.254639e+02,1.258172e+02,1.261360e+02,1.264227e+02,1.266799e+02,1.269100e+02,1.271154e+02,1.272981e+02,1.274604e+02,1.276040e+02,1.277310e+02,1.278429e+02,1.279414e+02,1.280278e+02,1.281034e+02,1.281695e+02,1.282272e+02,1.282774e+02,1.283210e+02,1.283588e+02,1.283914e+02,1.284197e+02,1.284440e+02,1.284650e+02,1.284829e+02,1.284984e+02,1.285116e+02,1.285228e+02,1.285325e+02,1.285406e+02,1.285476e+02,1.285535e+02,1.285585e+02,1.285627e+02,1.285663e+02,1.285693e+02,1.285719e+02,1.285740e+02,1.285758e+02,1.285773e+02,1.285785e+02,1.285796e+02,1.285805e+02,1.285812e+02,1.285818e+02,1.285823e+02,1.285827e+02,1.285831e+02,1.285834e+02,1.285836e+02,1.285838e+02,1.285839e+02,1.285841e+02,1.285842e+02,1.285843e+02,1.285844e+02,1.285844e+02,1.285845e+02,1.285845e+02,1.285845e+02,1.285846e+02,1.285846e+02,1.285846e+02,1.285846e+02,1.285846e+02,1.285846e+02,1.285846e+02,1.285846e+02,1.285846e+02,1.285847e+02,1.285847e+02,1.285847e+02,1.285847e+02,1.285847e+02,1.285847e+02,1.285847e+02,1.285847e+02,1.285847e+02,1.285847e+02,1.285847e+02,1.285847e+02,1.285847e+02,1.285847e+02,1.285847e+02,1.285847e+02,1.285847e+02,1.285847e+02,1.285847e+02,1.285847e+02,1.285847e+02,1.285847e+02,1.285847e+02,1.285847e+02,1.285847e+02,1.285847e+02,1.285847e+02,1.285847e+02,1.285847e+02,1.285847e+02,1.285847e+02,1.285847e+02,1.285847e+02,1.285847e+02,1.285847e+02,1.285847e+02,1.285847e+02,1.285847e+02,1.285847e+02,1.285847e+02,1.285847e+02,1.285847e+02,1.285847e+02,1.285847e+02,1.285847e+02,1.285847e+02,1.285847e+02,1.285847e+02,1.285847e+02,1.285847e+02,1.285847e+02,1.285847e+02,1.285847e+02,1.285847e+02,1.285847e+02,1.285847e+02,1.285847e+02,1.285847e+02,1.285847e+02,1.285847e+02,1.285846e+02,1.285846e+02,1.285845e+02,1.285842e+02,1.285838e+02,1.285829e+02,1.285815e+02,1.285791e+02,1.285753e+02,1.285695e+02,1.285608e+02,1.285482e+02,1.285302e+02,1.285053e+02,1.284713e+02,1.284258e+02,1.283657e+02,1.282877e+02,1.281879e+02,1.280617e+02,1.279042e+02,1.277099e+02,1.274728e+02,1.271867e+02,1.268448e+02,1.264401e+02,1.259655e+02,1.254137e+02,1.247778e+02,1.240510e+02,1.232267e+02,1.222991e+02,1.212630e+02,1.201143e+02,1.188496e+02,1.174668e+02,1.159650e+02,1.143447e+02,1.126077e+02,1.107570e+02,1.087973e+02,1.067342e+02,1.045748e+02,1.023271e+02,1.000000e+02,
0.335,1.014123e+02,1.028747e+02,1.043752e+02,1.059015e+02,1.074419e+02,1.089845e+02,1.105184e+02,1.120331e+02,1.135194e+02,1.149686e+02,1.163733e+02,1.177273e+02,1.190254e+02,1.202633e+02,1.214381e+02,1.225477e+02,1.235910e+02,1.245676e+02,1.254780e+02,1.263233e+02,1.271051e+02,1.278254e+02,1.284868e+02,1.290919e+02,1.296438e+02,1.301454e+02,1.306001e+02,1.310108e+02,1.313808e+02,1.317133e+02,1.320111e+02,1.322772e+02,1.325144e+02,1.327253e+02,1.329123e+02,1.330778e+02,1.332239e+02,1.333526e+02,1.334657e+02,1.335649e+02,1.336517e+02,1.337275e+02,1.337935e+02,1.338510e+02,1.339009e+02,1.339441e+02,1.339815e+02,1.340138e+02,1.340416e+02,1.340655e+02,1.340861e+02,1.341037e+02,1.341188e+02,1.341316e+02,1.341426e+02,1.341519e+02,1.341599e+02,1.341666e+02,1.341723e+02,1.341772e+02,1.341813e+02,1.341847e+02,1.341876e+02,1.341900e+02,1.341921e+02,1.341938e+02,1.341952e+02,1.341964e+02,1.341974e+02,1.341983e+02,1.341990e+02,1.341995e+02,1.342000e+02,1.342004e+02,1.342007e+02,1.342010e+02,1.342012e+02,1.342014e+02,1.342016e+02,1.342017e+02,1.342018e+02,1.342019e+02,1.342019e+02,1.342020e+02,1.342020e+02,1.342021e+02,1.342021e+02,1.342021e+02,1.342022e+02,1.342022e+02,1.342022e+02,1.342022e+02,1.342022e+02,1.342022e+02,1.342022e+02,1.342022e+02,1.342022e+02,1.342022e+02,1.342022e+02,1.342022e+02,1.342022e+02,1.342022e+02,1.342022e+02,1.342022e+02,1.342022e+02,1.342022e+02,1.342022e+02,1.342022e+02,1.342022e+02,1.342022e+02,1.342022e+02,1.342022e+02,1.342022e+02,1.342022e+02,1.342022e+02,1.342022e+02,1.342022e+02,1.342022e+02,1.342022e+02,1.342022e+02,1.342022e+02,1.342022e+02,1.342022e+02,1.342022e+02,1.342022e+02,1.342022e+02,1.342022e+02,1.342022e+02,1.342022e+02,1.342022e+02,1.342022e+02,1.342022e+02,1.342022e+02,1.342022e+02,1.342022e+02,1.342022e+02,1.342022e+02,1.342022e+02,1.342022e+02,1.342022e+02,1.342022e+02,1.342022e+02,1.342022e+02,1.342022e+02,1.342022e+02,1.342022e+02,1.342022e+02,1.342022e+02,1.342022e+02,1.342022e+02,1.342022e+02,1.342022e+02,1.342022e+02,1.342022e+02,1.342022e+02,1.342022e+02,1.342021e+02,1.342019e+02,1.342015e+02,1.342007e+02,1.341994e+02,1.341972e+02,1.341936e+02,1.341882e+02,1.341799e+02,1.341678e+02,1.341506e+02,1.341264e+02,1.340932e+02,1.340483e+02,1.339889e+02,1.339111e+02,1.338110e+02,1.336837e+02,1.335239e+02,1.333256e+02,1.330824e+02,1.327871e+02,1.324323e+02,1.320101e+02,1.315123e+02,1.309306e+02,1.302567e+02,1.294824e+02,1.285998e+02,1.276016e+02,1.264812e+02,1.252329e+02,1.238519e+02,1.223348e+02,1.206796e+02,1.188857e+02,1.169542e+02,1.148876e+02,1.126904e+02,1.103683e+02,1.079288e+02,1.053807e+02,1.027341e+02,1.000000e+02,
0.34,1.017339e+02,1.035232e+02,1.053532e+02,1.072092e+02,1.090768e+02,1.109419e+02,1.127915e+02,1.146132e+02,1.163960e+02,1.181300e+02,1.198066e+02,1.214188e+02,1.229607e+02,1.244278e+02,1.258170e+02,1.271262e+02,1.283544e+02,1.295018e+02,1.305693e+02,1.315584e+02,1.324714e+02,1.333112e+02,1.340809e+02,1.347839e+02,1.354240e+02,1.360049e+02,1.365306e+02,1.370048e+02,1.374315e+02,1.378143e+02,1.381568e+02,1.384625e+02,1.387347e+02,1.389764e+02,1.391906e+02,1.393799e+02,1.395469e+02,1.396938e+02,1.398229e+02,1.399360e+02,1.400349e+02,1.401212e+02,1.401964e+02,1.402618e+02,1.403185e+02,1.403676e+02,1.404101e+02,1.404467e+02,1.404783e+02,1.405055e+02,1.405288e+02,1.405488e+02,1.405659e+02,1.405805e+02,1.405929e+02,1.406035e+02,1.406125e+02,1.406202e+02,1.406266e+02,1.406321e+02,1.406367e+02,1.406406e+02,1.406439e+02,1.406467e+02,1.406490e+02,1.406510e+02,1.406526e+02,1.406539e+02,1.406551e+02,1.406560e+02,1.406568e+02,1.406575e+02,1.406580e+02,1.406585e+02,1.406588e+02,1.406592e+02,1.406594e+02,1.406596e+02,1.406598e+02,1.406599e+02,1.406600e+02,1.406601e+02,1.406602e+02,1.406603e+02,1.406603e+02,1.406604e+02,1.406604e+02,1.406604e+02,1.406605e+02,1.406605e+02,1.406605e+02,1.406605e+02,1.406605e+02,1.406605e+02,1.406605e+02,1.406605e+02,1.406605e+02,1.406605e+02,1.406606e+02,1.406606e+02,1.406606e+02,1.406606e+02,1.406606e+02,1.406606e+02,1.406606e+02,1.406606e+02,1.406606e+02,1.406606e+02,1.406606e+02,1.406606e+02,1.406606e+02,1.406606e+02,1.406606e+02,1.406606e+02,1.406606e+02,1.406606e+02,1.406606e+02,1.406606e+02,1.406606e+02,1.406606e+02,1.406606e+02,1.406606e+02,1.406606e+02,1.406606e+02,1.406606e+02,1.406606e+02,1.406606e+02,1.406606e+02,1.406606e+02,1.406606e+02,1.406606e+02,1.406606e+02,1.406606e+02,1.406606e+02,1.406606e+02,1.406606e+02,1.406606e+02,1.406606e+02,1.406606e+02,1.406606e+02,1.406606e+02,1.406606e+02,1.406606e+02,1.406606e+02,1.406606e+02,1.406606e+02,1.406606e+02,1.406606e+02,1.406606e+02,1.406606e+02,1.406606e+02,1.406606e+02,1.406606e+02,1.406605e+02,1.406605e+02,1.406604e+02,1.406603e+02,1.406599e+02,1.406592e+02,1.406580e+02,1.406560e+02,1.406528e+02,1.406477e+02,1.406401e+02,1.406287e+02,1.406123e+02,1.405892e+02,1.405572e+02,1.405137e+02,1.404556e+02,1.403792e+02,1.402801e+02,1.401533e+02,1.399933e+02,1.397935e+02,1.395470e+02,1.392460e+02,1.388824e+02,1.384472e+02,1.379313e+02,1.373251e+02,1.366191e+02,1.358034e+02,1.348688e+02,1.338063e+02,1.326074e+02,1.312648e+02,1.297719e+02,1.281237e+02,1.263166e+02,1.243487e+02,1.222197e+02,1.199314e+02,1.174875e+02,1.148937e+02,1.121576e+02,1.092885e+02,1.062973e+02,1.031966e+02,1.000000e+02,
0.345,1.021131e+02,1.042868e+02,1.065033e+02,1.087448e+02,1.109940e+02,1.132342e+02,1.154498e+02,1.176264e+02,1.197511e+02,1.218124e+02,1.238008e+02,1.257080e+02,1.275278e+02,1.292554e+02,1.308874e+02,1.324221e+02,1.338588e+02,1.351980e+02,1.364414e+02,1.375913e+02,1.386507e+02,1.396233e+02,1.405131e+02,1.413245e+02,1.420619e+02,1.427302e+02,1.433340e+02,1.438779e+02,1.443666e+02,1.448044e+02,1.451958e+02,1.455446e+02,1.458548e+02,1.461300e+02,1.463736e+02,1.465887e+02,1.467783e+02,1.469450e+02,1.470913e+02,1.472194e+02,1.473314e+02,1.474290e+02,1.475140e+02,1.475879e+02,1.476520e+02,1.477075e+02,1.477554e+02,1.477968e+02,1.478324e+02,1.478630e+02,1.478893e+02,1.479118e+02,1.479310e+02,1.479475e+02,1.479615e+02,1.479735e+02,1.479836e+02,1.479922e+02,1.479995e+02,1.480057e+02,1.480109e+02,1.480153e+02,1.480190e+02,1.480221e+02,1.480247e+02,1.480269e+02,1.480288e+02,1.480303e+02,1.480316e+02,1.480327e+02,1.480335e+02,1.480343e+02,1.480349e+02,1.480354e+02,1.480358e+02,1.480362e+02,1.480365e+02,1.480367e+02,1.480369e+02,1.480371e+02,1.480372e+02,1.480373e+02,1.480374e+02,1.480375e+02,1.480375e+02,1.480376e+02,1.480376e+02,1.480376e+02,1.480377e+02,1.480377e+02,1.480377e+02,1.480377e+02,1.480377e+02,1.480377e+02,1.480377e+02,1.480378e+02,1.480378e+02,1.480378e+02,1.480378e+02,1.480378e+02,1.480378e+02,1.480378e+02,1.480378e+02,1.480378e+02,1.480378e+02,1.480378e+02,1.480378e+02,1.480378e+02,1.480378e+02,1.480378e+02,1.480378e+02,1.480378e+02,1.480378e+02,1.480378e+02,1.480378e+02,1.480378e+02,1.480378e+02,1.480378e+02,1.480378e+02,1.480378e+02,1.480378e+02,1.480378e+02,1.480378e+02,1.480378e+02,1.480378e+02,1.480378e+02,1.480378e+02,1.480378e+02,1.480378e+02,1.480378e+02,1.480378e+02,1.480378e+02,1.480378e+02,1.480378e+02,1.480378e+02,1.480378e+02,1.480378e+02,1.480378e+02,1.480378e+02,1.480378e+02,1.480378e+02,1.480378e+02,1.480378e+02,1.480378e+02,1.480378e+02,1.480378e+02,1.480378e+02,1.480378e+02,1.480378e+02,1.480378e+02,1.480378e+02,1.480378e+02,1.480378e+02,1.480377e+02,1.480377e+02,1.480375e+02,1.480372e+02,1.480366e+02,1.480356e+02,1.480338e+02,1.480309e+02,1.480263e+02,1.480192e+02,1.480087e+02,1.479934e+02,1.479716e+02,1.479412e+02,1.478996e+02,1.478437e+02,1.477696e+02,1.476728e+02,1.475483e+02,1.473901e+02,1.471914e+02,1.469447e+02,1.466419e+02,1.462737e+02,1.458307e+02,1.453024e+02,1.446783e+02,1.439472e+02,1.430980e+02,1.421196e+02,1.410011e+02,1.397324e+02,1.383038e+02,1.367069e+02,1.349345e+02,1.329811e+02,1.308429e+02,1.285181e+02,1.260069e+02,1.233121e+02,1.204385e+02,1.173935e+02,1.141866e+02,1.108293e+02,1.073354e+02,1.037201e+02,1.000000e+02,
0.35,1.025573e+02,1.051802e+02,1.078471e+02,1.105366e+02,1.132281e+02,1.159018e+02,1.185392e+02,1.211236e+02,1.236400e+02,1.260754e+02,1.284187e+02,1.306611e+02,1.327955e+02,1.348170e+02,1.367223e+02,1.385099e+02,1.401797e+02,1.417330e+02,1.431721e+02,1.445003e+02,1.457216e+02,1.468407e+02,1.478627e+02,1.487930e+02,1.496372e+02,1.504009e+02,1.510898e+02,1.517096e+02,1.522656e+02,1.527631e+02,1.532072e+02,1.536026e+02,1.539539e+02,1.542651e+02,1.545404e+02,1.547832e+02,1.549971e+02,1.551849e+02,1.553497e+02,1.554938e+02,1.556197e+02,1.557295e+02,1.558250e+02,1.559079e+02,1.559798e+02,1.560420e+02,1.560958e+02,1.561421e+02,1.561820e+02,1.562163e+02,1.562458e+02,1.562710e+02,1.562925e+02,1.563110e+02,1.563267e+02,1.563400e+02,1.563514e+02,1.563610e+02,1.563692e+02,1.563761e+02,1.563819e+02,1.563869e+02,1.563910e+02,1.563945e+02,1.563974e+02,1.563999e+02,1.564019e+02,1.564037e+02,1.564051e+02,1.564063e+02,1.564073e+02,1.564081e+02,1.564088e+02,1.564094e+02,1.564099e+02,1.564103e+02,1.564106e+02,1.564109e+02,1.564111e+02,1.564113e+02,1.564114e+02,1.564115e+02,1.564116e+02,1.564117e+02,1.564118e+02,1.564118e+02,1.564119e+02,1.564119e+02,1.564119e+02,1.564120e+02,1.564120e+02,1.564120e+02,1.564120e+02,1.564120e+02,1.564120e+02,1.564120e+02,1.564121e+02,1.564121e+02,1.564121e+02,1.564121e+02,1.564121e+02,1.564121e+02,1.564121e+02,1.564121e+02,1.564121e+02,1.564121e+02,1.564121e+02,1.564121e+02,1.564121e+02,1.564121e+02,1.564121e+02,1.564121e+02,1.564121e+02,1.564121e+02,1.564121e+02,1.564121e+02,1.564121e+02,1.564121e+02,1.564121e+02,1.564121e+02,1.564121e+02,1.564121e+02,1.564121e+02,1.564121e+02,1.564121e+02,1.564121e+02,1.564121e+02,1.564121e+02,1.564121e+02,1.564121e+02,1.564121e+02,1.564121e+02,1.564121e+02,1.564121e+02,1.564121e+02,1.564121e+02,1.564121e+02,1.564121e+02,1.564121e+02,1.564121e+02,1.564121e+02,1.564121e+02,1.564121e+02,1.564121e+02,1.564121e+02,1.564121e+02,1.564121e+02,1.564121e+02,1.564121e+02,1.564121e+02,1.564121e+02,1.564121e+02,1.564120e+02,1.564120e+02,1.564119e+02,1.564116e+02,1.564111e+02,1.564102e+02,1.564087e+02,1.564061e+02,1.564020e+02,1.563956e+02,1.563860e+02,1.563719e+02,1.563517e+02,1.563232e+02,1.562840e+02,1.562309e+02,1.561600e+02,1.560669e+02,1.559462e+02,1.557919e+02,1.555968e+02,1.553532e+02,1.550523e+02,1.546843e+02,1.542388e+02,1.537046e+02,1.530698e+02,1.523219e+02,1.514482e+02,1.504359e+02,1.492722e+02,1.479447e+02,1.464415e+02,1.447520e+02,1.428665e+02,1.407770e+02,1.384774e+02,1.359636e+02,1.332341e+02,1.302897e+02,1.271341e+02,1.237737e+02,1.202176e+02,1.164778e+02,1.125685e+02,1.085065e+02,1.043103e+02,1.000000e+02,
0.355,1.030746e+02,1.062192e+02,1.094078e+02,1.126149e+02,1.158161e+02,1.189878e+02,1.221086e+02,1.251589e+02,1.281215e+02,1.309815e+02,1.337266e+02,1.363470e+02,1.388352e+02,1.411862e+02,1.433970e+02,1.454664e+02,1.473952e+02,1.491854e+02,1.508405e+02,1.523650e+02,1.537640e+02,1.550435e+02,1.562098e+02,1.572695e+02,1.582295e+02,1.590967e+02,1.598777e+02,1.605792e+02,1.612077e+02,1.617694e+02,1.622701e+02,1.627154e+02,1.631105e+02,1.634602e+02,1.637692e+02,1.640416e+02,1.642812e+02,1.644915e+02,1.646758e+02,1.648370e+02,1.649776e+02,1.651002e+02,1.652067e+02,1.652992e+02,1.653794e+02,1.654487e+02,1.655086e+02,1.655602e+02,1.656046e+02,1.656428e+02,1.656756e+02,1.657036e+02,1.657276e+02,1.657481e+02,1.657656e+02,1.657804e+02,1.657931e+02,1.658038e+02,1.658129e+02,1.658206e+02,1.658271e+02,1.658325e+02,1.658372e+02,1.658410e+02,1.658443e+02,1.658470e+02,1.658493e+02,1.658513e+02,1.658529e+02,1.658542e+02,1.658553e+02,1.658562e+02,1.658570e+02,1.658576e+02,1.658582e+02,1.658586e+02,1.658590e+02,1.658593e+02,1.658595e+02,1.658597e+02,1.658599e+02,1.658600e+02,1.658601e+02,1.658602e+02,1.658603e+02,1.658604e+02,1.658604e+02,1.658605e+02,1.658605e+02,1.658605e+02,1.658605e+02,1.658606e+02,1.658606e+02,1.658606e+02,1.658606e+02,1.658606e+02,1.658606e+02,1.658606e+02,1.658606e+02,1.658606e+02,1.658606e+02,1.658606e+02,1.658606e+02,1.658606e+02,1.658606e+02,1.658606e+02,1.658606e+02,1.658606e+02,1.658606e+02,1.658606e+02,1.658606e+02,1.658606e+02,1.658606e+02,1.658606e+02,1.658606e+02,1.658606e+02,1.658606e+02,1.658606e+02,1.658606e+02,1.658606e+02,1.658606e+02,1.658606e+02,1.658606e+02,1.658606e+02,1.658606e+02,1.658606e+02,1.658606e+02,1.658606e+02,1.658606e+02,1.658606e+02,1.658606e+02,1.658606e+02,1.658606e+02,1.658606e+02,1.658606e+02,1.658606e+02,1.658606e+02,1.658606e+02,1.658606e+02,1.658606e+02,1.658606e+02,1.658606e+02,1.658606e+02,1.658606e+02,1.658606e+02,1.658606e+02,1.658606e+02,1.658606e+02,1.658606e+02,1.658606e+02,1.658606e+02,1.658606e+02,1.658606e+02,1.658605e+02,1.658603e+02,1.658599e+02,1.658591e+02,1.658578e+02,1.658555e+02,1.658519e+02,1.658463e+02,1.658376e+02,1.658249e+02,1.658064e+02,1.657802e+02,1.657437e+02,1.656940e+02,1.656272e+02,1.655387e+02,1.654234e+02,1.652748e+02,1.650859e+02,1.648485e+02,1.645533e+02,1.641902e+02,1.637480e+02,1.632145e+02,1.625768e+02,1.618212e+02,1.609333e+02,1.598985e+02,1.587021e+02,1.573293e+02,1.557660e+02,1.539988e+02,1.520152e+02,1.498045e+02,1.473576e+02,1.446678e+02,1.417308e+02,1.385451e+02,1.351123e+02,1.314372e+02,1.275279e+02,1.233958e+02,1.190554e+02,1.145243e+02,1.098228e+02,1.049732e+02,1.000000e+02,
0.36,1.036735e+02,1.074205e+02,1.112102e+02,1.150122e+02,1.187973e+02,1.225382e+02,1.262097e+02,1.297892e+02,1.332570e+02,1.365963e+02,1.397934e+02,1.428376e+02,1.457212e+02,1.484392e+02,1.509889e+02,1.533701e+02,1.555843e+02,1.576350e+02,1.595268e+02,1.612655e+02,1.628580e+02,1.643116e+02,1.656341e+02,1.668336e+02,1.679184e+02,1.688966e+02,1.697763e+02,1.705653e+02,1.712712e+02,1.719011e+02,1.724619e+02,1.729601e+02,1.734016e+02,1.737921e+02,1.741367e+02,1.744401e+02,1.747069e+02,1.749408e+02,1.751456e+02,1.753246e+02,1.754808e+02,1.756167e+02,1.757349e+02,1.758374e+02,1.759262e+02,1.760029e+02,1.760692e+02,1.761263e+02,1.761755e+02,1.762177e+02,1.762539e+02,1.762849e+02,1.763114e+02,1.763341e+02,1.763534e+02,1.763698e+02,1.763838e+02,1.763956e+02,1.764057e+02,1.764142e+02,1.764213e+02,1.764274e+02,1.764325e+02,1.764368e+02,1.764404e+02,1.764434e+02,1.764460e+02,1.764481e+02,1.764499e+02,1.764514e+02,1.764526e+02,1.764536e+02,1.764545e+02,1.764552e+02,1.764558e+02,1.764563e+02,1.764567e+02,1.764570e+02,1.764573e+02,1.764575e+02,1.764577e+02,1.764578e+02,1.764580e+02,1.764581e+02,1.764582e+02,1.764582e+02,1.764583e+02,1.764583e+02,1.764584e+02,1.764584e+02,1.764584e+02,1.764584e+02,1.764585e+02,1.764585e+02,1.764585e+02,1.764585e+02,1.764585e+02,1.764585e+02,1.764585e+02,1.764585e+02,1.764585e+02,1.764585e+02,1.764585e+02,1.764585e+02,1.764585e+02,1.764585e+02,1.764585e+02,1.764585e+02,1.764585e+02,1.764585e+02,1.764585e+02,1.764585e+02,1.764585e+02,1.764585e+02,1.764585e+02,1.764585e+02,1.764585e+02,1.764585e+02,1.764585e+02,1.764585e+02,1.764585e+02,1.764585e+02,1.764585e+02,1.764585e+02,1.764585e+02,1.764585e+02,1.764585e+02,1.764585e+02,1.764585e+02,1.764585e+02,1.764585e+02,1.764585e+02,1.764585e+02,1.764585e+02,1.764585e+02,1.764585e+02,1.764585e+02,1.764585e+02,1.764585e+02,1.764585e+02,1.764585e+02,1.764585e+02,1.764585e+02,1.764585e+02,1.764585e+02,1.764585e+02,1.764585e+02,1.764585e+02,1.764585e+02,1.764585e+02,1.764585e+02,1.764585e+02,1.764584e+02,1.764582e+02,1.764579e+02,1.764573e+02,1.764562e+02,1.764543e+02,1.764511e+02,1.764462e+02,1.764386e+02,1.764272e+02,1.764106e+02,1.763868e+02,1.763534e+02,1.763075e+02,1.762454e+02,1.761626e+02,1.760538e+02,1.759128e+02,1.757323e+02,1.755039e+02,1.752183e+02,1.748646e+02,1.744313e+02,1.739054e+02,1.732730e+02,1.725190e+02,1.716279e+02,1.705832e+02,1.693681e+02,1.679658e+02,1.663593e+02,1.645325e+02,1.624700e+02,1.601576e+02,1.575832e+02,1.547364e+02,1.516098e+02,1.481986e+02,1.445017e+02,1.405212e+02,1.362633e+02,1.317381e+02,1.269594e+02,1.219450e+02,1.167162e+02,1.112974e+02,1.057156e+02,1.000000e+02,
0.365,1.043631e+02,1.088023e+02,1.132809e+02,1.177629e+02,1.222139e+02,1.266018e+02,1.308975e+02,1.350748e+02,1.391113e+02,1.429884e+02,1.466908e+02,1.502073e+02,1.535299e+02,1.566538e+02,1.595771e+02,1.623006e+02,1.648273e+02,1.671620e+02,1.693110e+02,1.712819e+02,1.730833e+02,1.747243e+02,1.762145e+02,1.775636e+02,1.787815e+02,1.798780e+02,1.808624e+02,1.817440e+02,1.825316e+02,1.832336e+02,1.838577e+02,1.844114e+02,1.849016e+02,1.853347e+02,1.857165e+02,1.860524e+02,1.863474e+02,1.866059e+02,1.868321e+02,1.870296e+02,1.872018e+02,1.873516e+02,1.874818e+02,1.875946e+02,1.876924e+02,1.877768e+02,1.878497e+02,1.879125e+02,1.879665e+02,1.880129e+02,1.880527e+02,1.880868e+02,1.881159e+02,1.881408e+02,1.881620e+02,1.881800e+02,1.881953e+02,1.882084e+02,1.882194e+02,1.882287e+02,1.882366e+02,1.882433e+02,1.882489e+02,1.882536e+02,1.882576e+02,1.882609e+02,1.882637e+02,1.882660e+02,1.882680e+02,1.882696e+02,1.882710e+02,1.882721e+02,1.882731e+02,1.882738e+02,1.882745e+02,1.882750e+02,1.882755e+02,1.882758e+02,1.882761e+02,1.882764e+02,1.882766e+02,1.882768e+02,1.882769e+02,1.882770e+02,1.882771e+02,1.882772e+02,1.882772e+02,1.882773e+02,1.882773e+02,1.882774e+02,1.882774e+02,1.882774e+02,1.882774e+02,1.882775e+02,1.882775e+02,1.882775e+02,1.882775e+02,1.882775e+02,1.882775e+02,1.882775e+02,1.882775e+02,1.882775e+02,1.882775e+02,1.882775e+02,1.882775e+02,1.882775e+02,1.882775e+02,1.882775e+02,1.882775e+02,1.882775e+02,1.882775e+02,1.882775e+02,1.882775e+02,1.882775e+02,1.882775e+02,1.882775e+02,1.882775e+02,1.882775e+02,1.882775e+02,1.882775e+02,1.882775e+02,1.882775e+02,1.882775e+02,1.882775e+02,1.882775e+02,1.882775e+02,1.882775e+02,1.882775e+02,1.882775e+02,1.882775e+02,1.882775e+02,1.882775e+02,1.882775e+02,1.882775e+02,1.882775e+02,1.882775e+02,1.882775e+02,1.882775e+02,1.882775e+02,1.882775e+02,1.882775e+02,1.882775e+02,1.882775e+02,1.882775e+02,1.882775e+02,1.882775e+02,1.882775e+02,1.882775e+02,1.882775e+02,1.882775e+02,1.882775e+02,1.882774e+02,1.882773e+02,1.882770e+02,1.882765e+02,1.882756e+02,1.882740e+02,1.882714e+02,1.882671e+02,1.882605e+02,1.882505e+02,1.882358e+02,1.882145e+02,1.881844e+02,1.881427e+02,1.880858e+02,1.880094e+02,1.879082e+02,1.877762e+02,1.876061e+02,1.873894e+02,1.871166e+02,1.867768e+02,1.863577e+02,1.858460e+02,1.852268e+02,1.844843e+02,1.836013e+02,1.825599e+02,1.813414e+02,1.799265e+02,1.782960e+02,1.764306e+02,1.743117e+02,1.719218e+02,1.692447e+02,1.662664e+02,1.629752e+02,1.593627e+02,1.554236e+02,1.511568e+02,1.465654e+02,1.416569e+02,1.364435e+02,1.309422e+02,1.251742e+02,1.191652e+02,1.129444e+02,1.065444e+02,1.000000e+02,
0.37,1.051532e+02,1.103839e+02,1.156484e+02,1.209041e+02,1.261105e+02,1.312304e+02,1.362298e+02,1.410789e+02,1.457524e+02,1.502294e+02,1.544936e+02,1.585330e+02,1.623396e+02,1.659095e+02,1.692417e+02,1.723385e+02,1.752045e+02,1.778464e+02,1.802727e+02,1.824931e+02,1.845181e+02,1.863591e+02,1.880276e+02,1.895353e+02,1.908940e+02,1.921151e+02,1.932096e+02,1.941884e+02,1.950615e+02,1.958386e+02,1.965286e+02,1.971401e+02,1.976808e+02,1.981580e+02,1.985782e+02,1.989476e+02,1.992718e+02,1.995556e+02,1.998038e+02,2.000203e+02,2.002090e+02,2.003731e+02,2.005155e+02,2.006390e+02,2.007458e+02,2.008382e+02,2.009178e+02,2.009864e+02,2.010454e+02,2.010961e+02,2.011395e+02,2.011767e+02,2.012085e+02,2.012356e+02,2.012587e+02,2.012784e+02,2.012952e+02,2.013094e+02,2.013214e+02,2.013316e+02,2.013402e+02,2.013475e+02,2.013536e+02,2.013588e+02,2.013631e+02,2.013667e+02,2.013698e+02,2.013724e+02,2.013745e+02,2.013763e+02,2.013778e+02,2.013790e+02,2.013800e+02,2.013809e+02,2.013816e+02,2.013822e+02,2.013827e+02,2.013831e+02,2.013834e+02,2.013837e+02,2.013839e+02,2.013841e+02,2.013843e+02,2.013844e+02,2.013845e+02,2.013846e+02,2.013846e+02,2.013847e+02,2.013847e+02,2.013848e+02,2.013848e+02,2.013848e+02,2.013849e+02,2.013849e+02,2.013849e+02,2.013849e+02,2.013849e+02,2.013849e+02,2.013849e+02,2.013849e+02,2.013849e+02,2.013849e+02,2.013849e+02,2.013849e+02,2.013849e+02,2.013849e+02,2.013849e+02,2.013849e+02,2.013849e+02,2.013849e+02,2.013849e+02,2.013849e+02,2.013849e+02,2.013849e+02,2.013849e+02,2.013849e+02,2.013849e+02,2.013849e+02,2.013849e+02,2.013849e+02,2.013849e+02,2.013849e+02,2.013849e+02,2.013849e+02,2.013849e+02,2.013849e+02,2.013849e+02,2.013849e+02,2.013849e+02,2.013849e+02,2.013849e+02,2.013849e+02,2.013849e+02,2.013849e+02,2.013849e+02,2.013849e+02,2.013849e+02,2.013849e+02,2.013849e+02,2.013849e+02,2.013849e+02,2.013849e+02,2.013849e+02,2.013849e+02,2.013849e+02,2.013849e+02,2.013849e+02,2.013849e+02,2.013849e+02,2.013849e+02,2.013849e+02,2.013848e+02,2.013846e+02,2.013842e+02,2.013834e+02,2.013821e+02,2.013799e+02,2.013763e+02,2.013707e+02,2.013621e+02,2.013492e+02,2.013305e+02,2.013038e+02,2.012664e+02,2.012150e+02,2.011455e+02,2.010528e+02,2.009309e+02,2.007727e+02,2.005700e+02,2.003130e+02,1.999907e+02,1.995909e+02,1.990996e+02,1.985014e+02,1.977796e+02,1.969160e+02,1.958912e+02,1.946849e+02,1.932757e+02,1.916416e+02,1.897608e+02,1.876111e+02,1.851714e+02,1.824214e+02,1.793428e+02,1.759193e+02,1.721376e+02,1.679880e+02,1.634646e+02,1.585662e+02,1.532967e+02,1.476652e+02,1.416863e+02,1.353802e+02,1.287726e+02,1.218939e+02,1.147792e+02,1.074674e+02,1.000000e+02,
0.375,1.060546e+02,1.121863e+02,1.183433e+02,1.244754e+02,1.305352e+02,1.364792e+02,1.422682e+02,1.478684e+02,1.532513e+02,1.583940e+02,1.632788e+02,1.678935e+02,1.722306e+02,1.762870e+02,1.800634e+02,1.835640e+02,1.867956e+02,1.897673e+02,1.924900e+02,1.949759e+02,1.972382e+02,1.992905e+02,2.011469e+02,2.028211e+02,2.043271e+02,2.056782e+02,2.068874e+02,2.079669e+02,2.089285e+02,2.097832e+02,2.105412e+02,2.112120e+02,2.118045e+02,2.123269e+02,2.127864e+02,2.131901e+02,2.135439e+02,2.138535e+02,2.141240e+02,2.143599e+02,2.145652e+02,2.147437e+02,2.148986e+02,2.150328e+02,2.151489e+02,2.152492e+02,2.153356e+02,2.154101e+02,2.154741e+02,2.155291e+02,2.155762e+02,2.156165e+02,2.156510e+02,2.156804e+02,2.157055e+02,2.157269e+02,2.157450e+02,2.157604e+02,2.157735e+02,2.157845e+02,2.157939e+02,2.158017e+02,2.158084e+02,2.158140e+02,2.158187e+02,2.158227e+02,2.158260e+02,2.158288e+02,2.158311e+02,2.158330e+02,2.158346e+02,2.158360e+02,2.158371e+02,2.158380e+02,2.158388e+02,2.158395e+02,2.158400e+02,2.158404e+02,2.158408e+02,2.158411e+02,2.158413e+02,2.158416e+02,2.158417e+02,2.158419e+02,2.158420e+02,2.158421e+02,2.158421e+02,2.158422e+02,2.158422e+02,2.158423e+02,2.158423e+02,2.158423e+02,2.158424e+02,2.158424e+02,2.158424e+02,2.158424e+02,2.158424e+02,2.158424e+02,2.158424e+02,2.158424e+02,2.158424e+02,2.158425e+02,2.158425e+02,2.158425e+02,2.158425e+02,2.158425e+02,2.158425e+02,2.158425e+02,2.158425e+02,2.158425e+02,2.158425e+02,2.158425e+02,2.158425e+02,2.158425e+02,2.158425e+02,2.158425e+02,2.158425e+02,2.158425e+02,2.158425e+02,2.158425e+02,2.158425e+02,2.158425e+02,2.158425e+02,2.158425e+02,2.158425e+02,2.158425e+02,2.158425e+02,2.158425e+02,2.158425e+02,2.158425e+02,2.158425e+02,2.158425e+02,2.158425e+02,2.158425e+02,2.158425e+02,2.158425e+02,2.158425e+02,2.158425e+02,2.158425e+02,2.158425e+02,2.158425e+02,2.158425e+02,2.158425e+02,2.158425e+02,2.158425e+02,2.158425e+02,2.158425e+02,2.158425e+02,2.158424e+02,2.158424e+02,2.158424e+02,2.158422e+02,2.158419e+02,2.158413e+02,2.158403e+02,2.158385e+02,2.158355e+02,2.158307e+02,2.158234e+02,2.158124e+02,2.157962e+02,2.157728e+02,2.157399e+02,2.156942e+02,2.156318e+02,2.155480e+02,2.154371e+02,2.152921e+02,2.151050e+02,2.148662e+02,2.145648e+02,2.141884e+02,2.137230e+02,2.131528e+02,2.124604e+02,2.116270e+02,2.106319e+02,2.094532e+02,2.080679e+02,2.064516e+02,2.045796e+02,2.024267e+02,1.999678e+02,1.971787e+02,1.940362e+02,1.905190e+02,1.866085e+02,1.822892e+02,1.775497e+02,1.723834e+02,1.667888e+02,1.607703e+02,1.543388e+02,1.475116e+02,1.403127e+02,1.327724e+02,1.249271e+02,1.168186e+02,1.084930e+02,1.000000e+02,
0.38,1.070786e+02,1.142321e+02,1.213988e+02,1.285198e+02,1.355394e+02,1.424072e+02,1.490783e+02,1.555141e+02,1.616830e+02,1.675599e+02,1.731263e+02,1.783700e+02,1.832843e+02,1.878677e+02,1.921231e+02,1.960571e+02,1.996793e+02,2.030018e+02,2.060385e+02,2.088045e+02,2.113160e+02,2.135896e+02,2.156417e+02,2.174890e+02,2.191475e+02,2.206328e+02,2.219598e+02,2.231427e+02,2.241949e+02,2.251287e+02,2.259558e+02,2.266869e+02,2.273319e+02,2.278999e+02,2.283992e+02,2.288373e+02,2.292210e+02,2.295565e+02,2.298494e+02,2.301046e+02,2.303267e+02,2.305196e+02,2.306870e+02,2.308319e+02,2.309572e+02,2.310654e+02,2.311586e+02,2.312389e+02,2.313080e+02,2.313672e+02,2.314180e+02,2.314614e+02,2.314986e+02,2.315303e+02,2.315573e+02,2.315803e+02,2.315999e+02,2.316165e+02,2.316306e+02,2.316425e+02,2.316526e+02,2.316611e+02,2.316682e+02,2.316743e+02,2.316794e+02,2.316836e+02,2.316872e+02,2.316902e+02,2.316927e+02,2.316948e+02,2.316966e+02,2.316980e+02,2.316992e+02,2.317002e+02,2.317011e+02,2.317018e+02,2.317024e+02,2.317028e+02,2.317032e+02,2.317036e+02,2.317038e+02,2.317040e+02,2.317042e+02,2.317044e+02,2.317045e+02,2.317046e+02,2.317047e+02,2.317047e+02,2.317048e+02,2.317048e+02,2.317049e+02,2.317049e+02,2.317049e+02,2.317050e+02,2.317050e+02,2.317050e+02,2.317050e+02,2.317050e+02,2.317050e+02,2.317050e+02,2.317050e+02,2.317050e+02,2.317050e+02,2.317050e+02,2.317050e+02,2.317050e+02,2.317050e+02,2.317050e+02,2.317050e+02,2.317050e+02,2.317050e+02,2.317050e+02,2.317050e+02,2.317050e+02,2.317050e+02,2.317050e+02,2.317050e+02,2.317050e+02,2.317050e+02,2.317050e+02,2.317050e+02,2.317050e+02,2.317050e+02,2.317050e+02,2.317050e+02,2.317050e+02,2.317050e+02,2.317050e+02,2.317050e+02,2.317050e+02,2.317050e+02,2.317050e+02,2.317050e+02,2.317050e+02,2.317050e+02,2.317050e+02,2.317050e+02,2.317050e+02,2.317050e+02,2.317050e+02,2.317050e+02,2.317050e+02,2.317050e+02,2.317050e+02,2.317050e+02,2.317050e+02,2.317050e+02,2.317050e+02,2.317050e+02,2.317050e+02,2.317048e+02,2.317046e+02,2.317042e+02,2.317033e+02,2.317019e+02,2.316995e+02,2.316956e+02,2.316895e+02,2.316802e+02,2.316663e+02,2.316462e+02,2.316176e+02,2.315776e+02,2.315225e+02,2.314479e+02,2.313484e+02,2.312174e+02,2.310470e+02,2.308282e+02,2.305502e+02,2.302008e+02,2.297659e+02,2.292296e+02,2.285745e+02,2.277809e+02,2.268275e+02,2.256913e+02,2.243476e+02,2.227701e+02,2.209316e+02,2.188039e+02,2.163584e+02,2.135666e+02,2.104005e+02,2.068336e+02,2.028413e+02,1.984020e+02,1.934976e+02,1.881146e+02,1.822450e+02,1.758868e+02,1.690452e+02,1.617324e+02,1.539688e+02,1.457824e+02,1.372092e+02,1.282922e+02,1.190811e+02,1.096307e+02,1.000000e+02,
0.385,1.082381e+02,1.165460e+02,1.248511e+02,1.330837e+02,1.411789e+02,1.490782e+02,1.567300e+02,1.640911e+02,1.711263e+02,1.778086e+02,1.841190e+02,1.900458e+02,1.955838e+02,2.007338e+02,2.055015e+02,2.098967e+02,2.139326e+02,2.176247e+02,2.209907e+02,2.240492e+02,2.268198e+02,2.293223e+02,2.315763e+02,2.336012e+02,2.354157e+02,2.370378e+02,2.384846e+02,2.397723e+02,2.409158e+02,2.419293e+02,2.428258e+02,2.436174e+02,2.443149e+02,2.449284e+02,2.454672e+02,2.459395e+02,2.463529e+02,2.467140e+02,2.470291e+02,2.473034e+02,2.475420e+02,2.477492e+02,2.479287e+02,2.480842e+02,2.482186e+02,2.483345e+02,2.484345e+02,2.485205e+02,2.485944e+02,2.486579e+02,2.487123e+02,2.487588e+02,2.487986e+02,2.488325e+02,2.488615e+02,2.488861e+02,2.489070e+02,2.489248e+02,2.489399e+02,2.489526e+02,2.489634e+02,2.489725e+02,2.489802e+02,2.489867e+02,2.489922e+02,2.489967e+02,2.490006e+02,2.490038e+02,2.490065e+02,2.490087e+02,2.490106e+02,2.490122e+02,2.490135e+02,2.490146e+02,2.490155e+02,2.490162e+02,2.490169e+02,2.490174e+02,2.490178e+02,2.490181e+02,2.490184e+02,2.490187e+02,2.490189e+02,2.490190e+02,2.490192e+02,2.490193e+02,2.490194e+02,2.490194e+02,2.490195e+02,2.490195e+02,2.490196e+02,2.490196e+02,2.490196e+02,2.490197e+02,2.490197e+02,2.490197e+02,2.490197e+02,2.490197e+02,2.490197e+02,2.490197e+02,2.490197e+02,2.490197e+02,2.490197e+02,2.490197e+02,2.490197e+02,2.490197e+02,2.490197e+02,2.490197e+02,2.490197e+02,2.490198e+02,2.490198e+02,2.490198e+02,2.490198e+02,2.490198e+02,2.490198e+02,2.490198e+02,2.490198e+02,2.490198e+02,2.490198e+02,2.490198e+02,2.490198e+02,2.490198e+02,2.490198e+02,2.490198e+02,2.490198e+02,2.490198e+02,2.490198e+02,2.490198e+02,2.490198e+02,2.490198e+02,2.490198e+02,2.490198e+02,2.490198e+02,2.490198e+02,2.490198e+02,2.490198e+02,2.490198e+02,2.490198e+02,2.490198e+02,2.490198e+02,2.490198e+02,2.490198e+02,2.490198e+02,2.490198e+02,2.490198e+02,2.490198e+02,2.490197e+02,2.490197e+02,2.490197e+02,2.490196e+02,2.490194e+02,2.490191e+02,2.490185e+02,2.490173e+02,2.490154e+02,2.490123e+02,2.490073e+02,2.489995e+02,2.489879e+02,2.489709e+02,2.489464e+02,2.489119e+02,2.488639e+02,2.487985e+02,2.487105e+02,2.485938e+02,2.484410e+02,2.482433e+02,2.479905e+02,2.476705e+02,2.472697e+02,2.467724e+02,2.461609e+02,2.454156e+02,2.445146e+02,2.434342e+02,2.421485e+02,2.406298e+02,2.388487e+02,2.367744e+02,2.343750e+02,2.316181e+02,2.284712e+02,2.249023e+02,2.208809e+02,2.163784e+02,2.113694e+02,2.058328e+02,1.997524e+02,1.931182e+02,1.859273e+02,1.781850e+02,1.699054e+02,1.611117e+02,1.518366e+02,1.421223e+02,1.320197e+02,1.215875e+02,1.108909e+02,1.000000e+02,
0.39,1.095468e+02,1.191556e+02,1.287401e+02,1.382184e+02,1.475147e+02,1.565611e+02,1.652990e+02,1.736798e+02,1.816648e+02,1.892256e+02,1.963430e+02,2.030065e+02,2.092134e+02,2.149677e+02,2.202786e+02,2.251602e+02,2.296298e+02,2.337075e+02,2.374152e+02,2.407757e+02,2.438124e+02,2.465490e+02,2.490085e+02,2.512135e+02,2.531855e+02,2.549452e+02,2.565121e+02,2.579043e+02,2.591388e+02,2.602314e+02,2.611966e+02,2.620477e+02,2.627968e+02,2.634552e+02,2.640327e+02,2.645385e+02,2.649807e+02,2.653669e+02,2.657034e+02,2.659964e+02,2.662510e+02,2.664719e+02,2.666634e+02,2.668290e+02,2.669722e+02,2.670957e+02,2.672021e+02,2.672936e+02,2.673723e+02,2.674398e+02,2.674976e+02,2.675471e+02,2.675895e+02,2.676256e+02,2.676563e+02,2.676825e+02,2.677048e+02,2.677237e+02,2.677398e+02,2.677533e+02,2.677648e+02,2.677745e+02,2.677827e+02,2.677896e+02,2.677954e+02,2.678003e+02,2.678044e+02,2.678078e+02,2.678107e+02,2.678131e+02,2.678151e+02,2.678168e+02,2.678182e+02,2.678193e+02,2.678203e+02,2.678211e+02,2.678218e+02,2.678223e+02,2.678228e+02,2.678231e+02,2.678235e+02,2.678237e+02,2.678239e+02,2.678241e+02,2.678242e+02,2.678244e+02,2.678245e+02,2.678245e+02,2.678246e+02,2.678246e+02,2.678247e+02,2.678247e+02,2.678248e+02,2.678248e+02,2.678248e+02,2.678248e+02,2.678248e+02,2.678248e+02,2.678248e+02,2.678248e+02,2.678249e+02,2.678249e+02,2.678249e+02,2.678249e+02,2.678249e+02,2.678249e+02,2.678249e+02,2.678249e+02,2.678249e+02,2.678249e+02,2.678249e+02,2.678249e+02,2.678249e+02,2.678249e+02,2.678249e+02,2.678249e+02,2.678249e+02,2.678249e+02,2.678249e+02,2.678249e+02,2.678249e+02,2.678249e+02,2.678249e+02,2.678249e+02,2.678249e+02,2.678249e+02,2.678249e+02,2.678249e+02,2.678249e+02,2.678249e+02,2.678249e+02,2.678249e+02,2.678249e+02,2.678249e+02,2.678249e+02,2.678249e+02,2.678249e+02,2.678249e+02,2.678249e+02,2.678249e+02,2.678249e+02,2.678249e+02,2.678249e+02,2.678249e+02,2.678249e+02,2.678249e+02,2.678249e+02,2.678248e+02,2.678248e+02,2.678247e+02,2.678244e+02,2.678239e+02,2.678231e+02,2.678216e+02,2.678190e+02,2.678150e+02,2.678087e+02,2.677992e+02,2.677850e+02,2.677644e+02,2.677350e+02,2.676939e+02,2.676374e+02,2.675608e+02,2.674583e+02,2.673232e+02,2.671471e+02,2.669204e+02,2.666316e+02,2.662673e+02,2.658125e+02,2.652497e+02,2.645593e+02,2.637197e+02,2.627065e+02,2.614933e+02,2.600514e+02,2.583497e+02,2.563555e+02,2.540340e+02,2.513495e+02,2.482651e+02,2.447438e+02,2.407490e+02,2.362453e+02,2.311996e+02,2.255823e+02,2.193678e+02,2.125367e+02,2.050763e+02,1.969822e+02,1.882594e+02,1.789233e+02,1.690003e+02,1.585283e+02,1.475563e+02,1.361443e+02,1.243616e+02,1.122858e+02,1.000000e+02,
0.395,1.110206e+02,1.220915e+02,1.331105e+02,1.439809e+02,1.546141e+02,1.649319e+02,1.748676e+02,1.843668e+02,1.933878e+02,2.019009e+02,2.098878e+02,2.173402e+02,2.242588e+02,2.306517e+02,2.365333e+02,2.419226e+02,2.468423e+02,2.513177e+02,2.553757e+02,2.590441e+02,2.623508e+02,2.653236e+02,2.679894e+02,2.703742e+02,2.725029e+02,2.743988e+02,2.760840e+02,2.775789e+02,2.789025e+02,2.800722e+02,2.811042e+02,2.820130e+02,2.828121e+02,2.835136e+02,2.841283e+02,2.846662e+02,2.851362e+02,2.855462e+02,2.859034e+02,2.862141e+02,2.864839e+02,2.867179e+02,2.869207e+02,2.870960e+02,2.872474e+02,2.873780e+02,2.874906e+02,2.875874e+02,2.876705e+02,2.877419e+02,2.878030e+02,2.878553e+02,2.879000e+02,2.879381e+02,2.879707e+02,2.879984e+02,2.880219e+02,2.880419e+02,2.880588e+02,2.880732e+02,2.880853e+02,2.880956e+02,2.881043e+02,2.881115e+02,2.881177e+02,2.881229e+02,2.881272e+02,2.881308e+02,2.881339e+02,2.881364e+02,2.881386e+02,2.881403e+02,2.881418e+02,2.881430e+02,2.881441e+02,2.881449e+02,2.881456e+02,2.881462e+02,2.881467e+02,2.881471e+02,2.881474e+02,2.881477e+02,2.881479e+02,2.881481e+02,2.881483e+02,2.881484e+02,2.881485e+02,2.881486e+02,2.881486e+02,2.881487e+02,2.881487e+02,2.881488e+02,2.881488e+02,2.881488e+02,2.881489e+02,2.881489e+02,2.881489e+02,2.881489e+02,2.881489e+02,2.881489e+02,2.881489e+02,2.881489e+02,2.881489e+02,2.881489e+02,2.881489e+02,2.881489e+02,2.881489e+02,2.881489e+02,2.881489e+02,2.881489e+02,2.881489e+02,2.881489e+02,2.881489e+02,2.881489e+02,2.881489e+02,2.881489e+02,2.881489e+02,2.881489e+02,2.881489e+02,2.881489e+02,2.881489e+02,2.881489e+02,2.881489e+02,2.881489e+02,2.881489e+02,2.881489e+02,2.881489e+02,2.881489e+02,2.881489e+02,2.881489e+02,2.881489e+02,2.881489e+02,2.881489e+02,2.881489e+02,2.881489e+02,2.881489e+02,2.881489e+02,2.881489e+02,2.881489e+02,2.881489e+02,2.881489e+02,2.881489e+02,2.881489e+02,2.881489e+02,2.881489e+02,2.881489e+02,2.881489e+02,2.881489e+02,2.881488e+02,2.881486e+02,2.881483e+02,2.881476e+02,2.881465e+02,2.881445e+02,2.881413e+02,2.881363e+02,2.881285e+02,2.881169e+02,2.880999e+02,2.880753e+02,2.880407e+02,2.879925e+02,2.879268e+02,2.878382e+02,2.877204e+02,2.875659e+02,2.873655e+02,2.871085e+02,2.867822e+02,2.863720e+02,2.858613e+02,2.852308e+02,2.844592e+02,2.835224e+02,2.823938e+02,2.810439e+02,2.794411e+02,2.775510e+02,2.753368e+02,2.727599e+02,2.697799e+02,2.663553e+02,2.624437e+02,2.580035e+02,2.529936e+02,2.473755e+02,2.411141e+02,2.341788e+02,2.265456e+02,2.181982e+02,2.091299e+02,1.993448e+02,1.888590e+02,1.777021e+02,1.659173e+02,1.535617e+02,1.407055e+02,1.274307e+02,1.138291e+02,1.000000e+02,
0.4,1.126773e+02,1.253887e+02,1.380127e+02,1.504352e+02,1.625527e+02,1.742749e+02,1.855262e+02,1.962466e+02,2.063913e+02,2.159304e+02,2.248475e+02,2.331378e+02,2.408069e+02,2.478686e+02,2.543434e+02,2.602567e+02,2.656378e+02,2.705181e+02,2.749305e+02,2.789083e+02,2.824847e+02,2.856920e+02,2.885615e+02,2.911230e+02,2.934047e+02,2.954331e+02,2.972329e+02,2.988267e+02,3.002357e+02,3.014792e+02,3.025748e+02,3.035385e+02,3.043848e+02,3.051269e+02,3.057767e+02,3.063448e+02,3.068407e+02,3.072730e+02,3.076494e+02,3.079765e+02,3.082605e+02,3.085068e+02,3.087199e+02,3.089042e+02,3.090633e+02,3.092005e+02,3.093187e+02,3.094204e+02,3.095076e+02,3.095825e+02,3.096467e+02,3.097016e+02,3.097485e+02,3.097886e+02,3.098227e+02,3.098517e+02,3.098765e+02,3.098974e+02,3.099152e+02,3.099303e+02,3.099431e+02,3.099539e+02,3.099630e+02,3.099706e+02,3.099771e+02,3.099825e+02,3.099871e+02,3.099909e+02,3.099941e+02,3.099968e+02,3.099990e+02,3.100009e+02,3.100025e+02,3.100038e+02,3.100049e+02,3.100058e+02,3.100065e+02,3.100071e+02,3.100076e+02,3.100081e+02,3.100084e+02,3.100087e+02,3.100089e+02,3.100091e+02,3.100093e+02,3.100094e+02,3.100095e+02,3.100096e+02,3.100097e+02,3.100098e+02,3.100098e+02,3.100098e+02,3.100099e+02,3.100099e+02,3.100099e+02,3.100099e+02,3.100100e+02,3.100100e+02,3.100100e+02,3.100100e+02,3.100100e+02,3.100100e+02,3.100100e+02,3.100100e+02,3.100100e+02,3.100100e+02,3.100100e+02,3.100100e+02,3.100100e+02,3.100100e+02,3.100100e+02,3.100100e+02,3.100100e+02,3.100100e+02,3.100100e+02,3.100100e+02,3.100100e+02,3.100100e+02,3.100100e+02,3.100100e+02,3.100100e+02,3.100100e+02,3.100100e+02,3.100100e+02,3.100100e+02,3.100100e+02,3.100100e+02,3.100100e+02,3.100100e+02,3.100100e+02,3.100100e+02,3.100100e+02,3.100100e+02,3.100100e+02,3.100100e+02,3.100100e+02,3.100100e+02,3.100100e+02,3.100100e+02,3.100100e+02,3.100100e+02,3.100100e+02,3.100100e+02,3.100100e+02,3.100100e+02,3.100100e+02,3.100100e+02,3.100099e+02,3.100098e+02,3.100095e+02,3.100091e+02,3.100082e+02,3.100067e+02,3.100042e+02,3.100003e+02,3.099941e+02,3.099848e+02,3.099709e+02,3.099507e+02,3.099219e+02,3.098816e+02,3.098260e+02,3.097506e+02,3.096495e+02,3.095159e+02,3.093413e+02,3.091158e+02,3.088277e+02,3.084632e+02,3.080063e+02,3.074387e+02,3.067398e+02,3.058859e+02,3.048508e+02,3.036052e+02,3.021172e+02,3.003515e+02,2.982702e+02,2.958326e+02,2.929956e+02,2.897139e+02,2.859406e+02,2.816278e+02,2.767275e+02,2.711924e+02,2.649774e+02,2.580408e+02,2.503457e+02,2.418624e+02,2.325696e+02,2.224569e+02,2.115264e+02,1.997946e+02,1.872937e+02,1.740726e+02,1.601972e+02,1.457495e+02,1.308264e+02,1.155372e+02,1.000000e+02,
0.405,1.145377e+02,1.290877e+02,1.435052e+02,1.576551e+02,1.714165e+02,1.846852e+02,1.973760e+02,2.094230e+02,2.207796e+02,2.314167e+02,2.413212e+02,2.504937e+02,2.589465e+02,2.667007e+02,2.737848e+02,2.802321e+02,2.860796e+02,2.913660e+02,2.961313e+02,3.004149e+02,3.042559e+02,3.076919e+02,3.107587e+02,3.134902e+02,3.159184e+02,3.180728e+02,3.199809e+02,3.216679e+02,3.231570e+02,3.244693e+02,3.256239e+02,3.266383e+02,3.275281e+02,3.283076e+02,3.289895e+02,3.295851e+02,3.301046e+02,3.305572e+02,3.309509e+02,3.312929e+02,3.315897e+02,3.318469e+02,3.320694e+02,3.322618e+02,3.324278e+02,3.325709e+02,3.326942e+02,3.328001e+02,3.328911e+02,3.329692e+02,3.330361e+02,3.330933e+02,3.331422e+02,3.331839e+02,3.332195e+02,3.332498e+02,3.332756e+02,3.332974e+02,3.333160e+02,3.333317e+02,3.333450e+02,3.333563e+02,3.333658e+02,3.333738e+02,3.333805e+02,3.333862e+02,3.333910e+02,3.333950e+02,3.333983e+02,3.334011e+02,3.334035e+02,3.334055e+02,3.334071e+02,3.334085e+02,3.334096e+02,3.334105e+02,3.334113e+02,3.334120e+02,3.334125e+02,3.334130e+02,3.334133e+02,3.334136e+02,3.334139e+02,3.334141e+02,3.334143e+02,3.334144e+02,3.334145e+02,3.334146e+02,3.334147e+02,3.334147e+02,3.334148e+02,3.334148e+02,3.334149e+02,3.334149e+02,3.334149e+02,3.334149e+02,3.334150e+02,3.334150e+02,3.334150e+02,3.334150e+02,3.334150e+02,3.334150e+02,3.334150e+02,3.334150e+02,3.334150e+02,3.334150e+02,3.334150e+02,3.334150e+02,3.334150e+02,3.334150e+02,3.334150e+02,3.334150e+02,3.334150e+02,3.334150e+02,3.334150e+02,3.334150e+02,3.334150e+02,3.334150e+02,3.334150e+02,3.334150e+02,3.334150e+02,3.334150e+02,3.334150e+02,3.334150e+02,3.334150e+02,3.334150e+02,3.334150e+02,3.334150e+02,3.334150e+02,3.334150e+02,3.334150e+02,3.334150e+02,3.334150e+02,3.334150e+02,3.334150e+02,3.334150e+02,3.334150e+02,3.334150e+02,3.334150e+02,3.334150e+02,3.334150e+02,3.334150e+02,3.334150e+02,3.334150e+02,3.334150e+02,3.334150e+02,3.334150e+02,3.334149e+02,3.334147e+02,3.334144e+02,3.334137e+02,3.334126e+02,3.334107e+02,3.334077e+02,3.334029e+02,3.333955e+02,3.333843e+02,3.333680e+02,3.333445e+02,3.333113e+02,3.332650e+02,3.332018e+02,3.331163e+02,3.330025e+02,3.328527e+02,3.326578e+02,3.324071e+02,3.320878e+02,3.316850e+02,3.311814e+02,3.305574e+02,3.297903e+02,3.288547e+02,3.277221e+02,3.263607e+02,3.247354e+02,3.228078e+02,3.205362e+02,3.178757e+02,3.147784e+02,3.111937e+02,3.070688e+02,3.023494e+02,2.969806e+02,2.909078e+02,2.840779e+02,2.764413e+02,2.679535e+02,2.585770e+02,2.482841e+02,2.370590e+02,2.249004e+02,2.118237e+02,1.978634e+02,1.830742e+02,1.675314e+02,1.513308e+02,1.345868e+02,1.174294e+02,1.000000e+02,
0.41,1.166264e+02,1.332362e+02,1.496563e+02,1.657263e+02,1.813045e+02,1.962712e+02,2.105308e+02,2.240121e+02,2.366675e+02,2.484706e+02,2.594140e+02,2.695061e+02,2.787679e+02,2.872303e+02,2.949316e+02,3.019148e+02,3.082260e+02,3.139127e+02,3.190226e+02,3.236025e+02,3.276978e+02,3.313516e+02,3.346050e+02,3.374962e+02,3.400608e+02,3.423319e+02,3.443396e+02,3.461118e+02,3.476736e+02,3.490480e+02,3.502556e+02,3.513153e+02,3.522439e+02,3.530565e+02,3.537667e+02,3.543864e+02,3.549267e+02,3.553969e+02,3.558058e+02,3.561608e+02,3.564686e+02,3.567353e+02,3.569659e+02,3.571652e+02,3.573372e+02,3.574854e+02,3.576130e+02,3.577227e+02,3.578168e+02,3.578976e+02,3.579668e+02,3.580261e+02,3.580767e+02,3.581198e+02,3.581567e+02,3.581880e+02,3.582147e+02,3.582373e+02,3.582566e+02,3.582729e+02,3.582866e+02,3.582983e+02,3.583081e+02,3.583165e+02,3.583234e+02,3.583293e+02,3.583343e+02,3.583384e+02,3.583419e+02,3.583448e+02,3.583473e+02,3.583493e+02,3.583510e+02,3.583524e+02,3.583536e+02,3.583546e+02,3.583554e+02,3.583561e+02,3.583567e+02,3.583571e+02,3.583575e+02,3.583578e+02,3.583581e+02,3.583583e+02,3.583585e+02,3.583586e+02,3.583588e+02,3.583589e+02,3.583589e+02,3.583590e+02,3.583591e+02,3.583591e+02,3.583591e+02,3.583592e+02,3.583592e+02,3.583592e+02,3.583592e+02,3.583592e+02,3.583593e+02,3.583593e+02,3.583593e+02,3.583593e+02,3.583593e+02,3.583593e+02,3.583593e+02,3.583593e+02,3.583593e+02,3.583593e+02,3.583593e+02,3.583593e+02,3.583593e+02,3.583593e+02,3.583593e+02,3.583593e+02,3.583593e+02,3.583593e+02,3.583593e+02,3.583593e+02,3.583593e+02,3.583593e+02,3.583593e+02,3.583593e+02,3.583593e+02,3.583593e+02,3.583593e+02,3.583593e+02,3.583593e+02,3.583593e+02,3.583593e+02,3.583593e+02,3.583593e+02,3.583593e+02,3.583593e+02,3.583593e+02,3.583593e+02,3.583593e+02,3.583593e+02,3.583593e+02,3.583593e+02,3.583593e+02,3.583593e+02,3.583593e+02,3.583593e+02,3.583593e+02,3.583593e+02,3.583593e+02,3.583592e+02,3.583591e+02,3.583588e+02,3.583584e+02,3.583576e+02,3.583562e+02,3.583539e+02,3.583502e+02,3.583444e+02,3.583357e+02,3.583227e+02,3.583038e+02,3.582769e+02,3.582390e+02,3.581868e+02,3.581157e+02,3.580202e+02,3.578935e+02,3.577277e+02,3.575128e+02,3.572372e+02,3.568872e+02,3.564470e+02,3.558980e+02,3.552190e+02,3.543858e+02,3.533711e+02,3.521439e+02,3.506701e+02,3.489117e+02,3.468268e+02,3.443698e+02,3.414914e+02,3.381388e+02,3.342555e+02,3.297826e+02,3.246585e+02,3.188204e+02,3.122052e+02,3.047508e+02,2.963978e+02,2.870921e+02,2.767868e+02,2.654451e+02,2.530437e+02,2.395758e+02,2.250543e+02,2.095146e+02,1.930166e+02,1.756461e+02,1.575147e+02,1.387573e+02,1.195291e+02,1.000000e+02,
0.415,1.189728e+02,1.378916e+02,1.565478e+02,1.747505e+02,1.923334e+02,2.091592e+02,2.251214e+02,2.401445e+02,2.541819e+02,2.672128e+02,2.792384e+02,2.902776e+02,3.003635e+02,3.095393e+02,3.178554e+02,3.253665e+02,3.321297e+02,3.382024e+02,3.436411e+02,3.485008e+02,3.528337e+02,3.566893e+02,3.601138e+02,3.631500e+02,3.658376e+02,3.682128e+02,3.703088e+02,3.721558e+02,3.737809e+02,3.752091e+02,3.764623e+02,3.775607e+02,3.785222e+02,3.793627e+02,3.800965e+02,3.807364e+02,3.812938e+02,3.817787e+02,3.822000e+02,3.825656e+02,3.828825e+02,3.831569e+02,3.833941e+02,3.835990e+02,3.837758e+02,3.839281e+02,3.840592e+02,3.841719e+02,3.842687e+02,3.843517e+02,3.844228e+02,3.844836e+02,3.845356e+02,3.845800e+02,3.846178e+02,3.846500e+02,3.846774e+02,3.847007e+02,3.847205e+02,3.847372e+02,3.847514e+02,3.847634e+02,3.847735e+02,3.847821e+02,3.847893e+02,3.847953e+02,3.848004e+02,3.848047e+02,3.848083e+02,3.848113e+02,3.848138e+02,3.848159e+02,3.848177e+02,3.848192e+02,3.848204e+02,3.848214e+02,3.848223e+02,3.848230e+02,3.848235e+02,3.848240e+02,3.848244e+02,3.848247e+02,3.848250e+02,3.848252e+02,3.848254e+02,3.848256e+02,3.848257e+02,3.848258e+02,3.848259e+02,3.848260e+02,3.848260e+02,3.848261e+02,3.848261e+02,3.848261e+02,3.848262e+02,3.848262e+02,3.848262e+02,3.848262e+02,3.848262e+02,3.848262e+02,3.848262e+02,3.848262e+02,3.848262e+02,3.848263e+02,3.848263e+02,3.848263e+02,3.848263e+02,3.848263e+02,3.848263e+02,3.848263e+02,3.848263e+02,3.848263e+02,3.848263e+02,3.848263e+02,3.848263e+02,3.848263e+02,3.848263e+02,3.848263e+02,3.848263e+02,3.848263e+02,3.848263e+02,3.848263e+02,3.848263e+02,3.848263e+02,3.848263e+02,3.848263e+02,3.848263e+02,3.848263e+02,3.848263e+02,3.848263e+02,3.848263e+02,3.848263e+02,3.848263e+02,3.848263e+02,3.848263e+02,3.848263e+02,3.848263e+02,3.848263e+02,3.848263e+02,3.848263e+02,3.848263e+02,3.848263e+02,3.848263e+02,3.848263e+02,3.848262e+02,3.848262e+02,3.848261e+02,3.848260e+02,3.848256e+02,3.848251e+02,3.848241e+02,3.848223e+02,3.848196e+02,3.848152e+02,3.848084e+02,3.847983e+02,3.847834e+02,3.847619e+02,3.847314e+02,3.846890e+02,3.846307e+02,3.845519e+02,3.844465e+02,3.843075e+02,3.841260e+02,3.838918e+02,3.835923e+02,3.832132e+02,3.827374e+02,3.821454e+02,3.814144e+02,3.805188e+02,3.794294e+02,3.781132e+02,3.765334e+02,3.746492e+02,3.724154e+02,3.697825e+02,3.666966e+02,3.630996e+02,3.589292e+02,3.541193e+02,3.486007e+02,3.423017e+02,3.351495e+02,3.270712e+02,3.179961e+02,3.078580e+02,2.965978e+02,2.841673e+02,2.705326e+02,2.556784e+02,2.396123e+02,2.223689e+02,2.040126e+02,1.846401e+02,1.643806e+02,1.433937e+02,1.218651e+02,1.000000e+02,
0.42,1.216134e+02,1.431240e+02,1.642791e+02,1.848503e+02,2.046421e+02,2.234973e+02,2.412990e+02,2.579691e+02,2.734653e+02,2.877759e+02,3.009149e+02,3.129159e+02,3.238276e+02,3.337087e+02,3.426247e+02,3.506441e+02,3.578366e+02,3.642712e+02,3.700143e+02,3.751296e+02,3.796770e+02,3.837123e+02,3.872873e+02,3.904496e+02,3.932427e+02,3.957063e+02,3.978764e+02,3.997853e+02,4.014625e+02,4.029342e+02,4.042241e+02,4.053533e+02,4.063406e+02,4.072028e+02,4.079550e+02,4.086104e+02,4.091809e+02,4.096768e+02,4.101074e+02,4.104810e+02,4.108046e+02,4.110847e+02,4.113268e+02,4.115358e+02,4.117161e+02,4.118714e+02,4.120051e+02,4.121200e+02,4.122186e+02,4.123032e+02,4.123757e+02,4.124377e+02,4.124907e+02,4.125359e+02,4.125745e+02,4.126073e+02,4.126353e+02,4.126590e+02,4.126792e+02,4.126963e+02,4.127107e+02,4.127230e+02,4.127333e+02,4.127421e+02,4.127494e+02,4.127556e+02,4.127608e+02,4.127652e+02,4.127689e+02,4.127720e+02,4.127746e+02,4.127767e+02,4.127785e+02,4.127800e+02,4.127813e+02,4.127823e+02,4.127832e+02,4.127839e+02,4.127845e+02,4.127850e+02,4.127854e+02,4.127858e+02,4.127860e+02,4.127863e+02,4.127865e+02,4.127866e+02,4.127868e+02,4.127869e+02,4.127869e+02,4.127870e+02,4.127871e+02,4.127871e+02,4.127872e+02,4.127872e+02,4.127872e+02,4.127872e+02,4.127873e+02,4.127873e+02,4.127873e+02,4.127873e+02,4.127873e+02,4.127873e+02,4.127873e+02,4.127873e+02,4.127873e+02,4.127873e+02,4.127873e+02,4.127873e+02,4.127873e+02,4.127873e+02,4.127873e+02,4.127873e+02,4.127873e+02,4.127873e+02,4.127873e+02,4.127873e+02,4.127873e+02,4.127873e+02,4.127873e+02,4.127873e+02,4.127873e+02,4.127873e+02,4.127873e+02,4.127873e+02,4.127873e+02,4.127873e+02,4.127873e+02,4.127873e+02,4.127873e+02,4.127873e+02,4.127873e+02,4.127873e+02,4.127873e+02,4.127873e+02,4.127873e+02,4.127873e+02,4.127873e+02,4.127873e+02,4.127873e+02,4.127873e+02,4.127873e+02,4.127873e+02,4.127873e+02,4.127873e+02,4.127873e+02,4.127872e+02,4.127871e+02,4.127869e+02,4.127865e+02,4.127858e+02,4.127846e+02,4.127825e+02,4.127792e+02,4.127741e+02,4.127664e+02,4.127548e+02,4.127379e+02,4.127138e+02,4.126799e+02,4.126330e+02,4.125689e+02,4.124826e+02,4.123679e+02,4.122171e+02,4.120210e+02,4.117687e+02,4.114472e+02,4.110412e+02,4.105327e+02,4.099012e+02,4.091229e+02,4.081704e+02,4.070131e+02,4.056158e+02,4.039396e+02,4.019408e+02,3.995709e+02,3.967765e+02,3.934992e+02,3.896756e+02,3.852369e+02,3.801099e+02,3.742168e+02,3.674762e+02,3.598041e+02,3.511153e+02,3.413257e+02,3.303542e+02,3.181266e+02,3.045793e+02,2.896642e+02,2.733535e+02,2.556460e+02,2.365720e+02,2.161988e+02,1.946339e+02,1.720263e+02,1.485649e+02,1.244731e+02,1.000000e+02,
0.425,1.245938e+02,1.490211e+02,1.729735e+02,1.961760e+02,2.183987e+02,2.394626e+02,2.592413e+02,2.776577e+02,2.946783e+02,3.103064e+02,3.245738e+02,3.375342e+02,3.492564e+02,3.598186e+02,3.693042e+02,3.777983e+02,3.853852e+02,3.921465e+02,3.981599e+02,4.034982e+02,4.082294e+02,4.124162e+02,4.161158e+02,4.193806e+02,4.222579e+02,4.247908e+02,4.270178e+02,4.289736e+02,4.306893e+02,4.321928e+02,4.335088e+02,4.346596e+02,4.356647e+02,4.365417e+02,4.373060e+02,4.379716e+02,4.385504e+02,4.390533e+02,4.394898e+02,4.398682e+02,4.401960e+02,4.404795e+02,4.407245e+02,4.409360e+02,4.411183e+02,4.412754e+02,4.414106e+02,4.415267e+02,4.416265e+02,4.417120e+02,4.417852e+02,4.418479e+02,4.419015e+02,4.419472e+02,4.419862e+02,4.420195e+02,4.420478e+02,4.420718e+02,4.420922e+02,4.421095e+02,4.421242e+02,4.421366e+02,4.421470e+02,4.421559e+02,4.421634e+02,4.421696e+02,4.421749e+02,4.421794e+02,4.421831e+02,4.421862e+02,4.421889e+02,4.421911e+02,4.421929e+02,4.421944e+02,4.421957e+02,4.421968e+02,4.421977e+02,4.421984e+02,4.421990e+02,4.421995e+02,4.421999e+02,4.422003e+02,4.422006e+02,4.422008e+02,4.422010e+02,4.422012e+02,4.422013e+02,4.422014e+02,4.422015e+02,4.422016e+02,4.422016e+02,4.422017e+02,4.422017e+02,4.422017e+02,4.422018e+02,4.422018e+02,4.422018e+02,4.422018e+02,4.422018e+02,4.422018e+02,4.422019e+02,4.422019e+02,4.422019e+02,4.422019e+02,4.422019e+02,4.422019e+02,4.422019e+02,4.422019e+02,4.422019e+02,4.422019e+02,4.422019e+02,4.422019e+02,4.422019e+02,4.422019e+02,4.422019e+02,4.422019e+02,4.422019e+02,4.422019e+02,4.422019e+02,4.422019e+02,4.422019e+02,4.422019e+02,4.422019e+02,4.422019e+02,4.422019e+02,4.422019e+02,4.422019e+02,4.422019e+02,4.422019e+02,4.422019e+02,4.422019e+02,4.422019e+02,4.422019e+02,4.422019e+02,4.422019e+02,4.422019e+02,4.422019e+02,4.422019e+02,4.422019e+02,4.422019e+02,4.422019e+02,4.422019e+02,4.422019e+02,4.422019e+02,4.422018e+02,4.422018e+02,4.422016e+02,4.422013e+02,4.422008e+02,4.422000e+02,4.421985e+02,4.421961e+02,4.421923e+02,4.421865e+02,4.421777e+02,4.421647e+02,4.421459e+02,4.421193e+02,4.420821e+02,4.420309e+02,4.419614e+02,4.418683e+02,4.417449e+02,4.415834e+02,4.413742e+02,4.411058e+02,4.407646e+02,4.403348e+02,4.397977e+02,4.391318e+02,4.383122e+02,4.373104e+02,4.360942e+02,4.346267e+02,4.328669e+02,4.307684e+02,4.282796e+02,4.253436e+02,4.218975e+02,4.178722e+02,4.131928e+02,4.077782e+02,4.015418e+02,3.943913e+02,3.862306e+02,3.769602e+02,3.664799e+02,3.546912e+02,3.415007e+02,3.268253e+02,3.105973e+02,2.927711e+02,2.733312e+02,2.522993e+02,2.297421e+02,2.057769e+02,1.805744e+02,1.543583e+02,1.273985e+02,1.000000e+02,
0.43,1.279722e+02,1.556944e+02,1.827864e+02,2.089151e+02,2.338099e+02,2.572689e+02,2.791590e+02,2.994097e+02,3.180037e+02,3.349665e+02,3.503556e+02,3.642511e+02,3.767473e+02,3.879465e+02,3.979536e+02,4.068729e+02,4.148050e+02,4.218457e+02,4.280845e+02,4.336042e+02,4.384810e+02,4.427842e+02,4.465769e+02,4.499159e+02,4.528523e+02,4.554320e+02,4.576960e+02,4.596811e+02,4.614200e+02,4.629416e+02,4.642719e+02,4.654338e+02,4.664477e+02,4.673315e+02,4.681013e+02,4.687709e+02,4.693530e+02,4.698585e+02,4.702969e+02,4.706769e+02,4.710058e+02,4.712902e+02,4.715360e+02,4.717481e+02,4.719309e+02,4.720884e+02,4.722239e+02,4.723403e+02,4.724402e+02,4.725260e+02,4.725994e+02,4.726622e+02,4.727159e+02,4.727618e+02,4.728009e+02,4.728342e+02,4.728626e+02,4.728867e+02,4.729072e+02,4.729246e+02,4.729393e+02,4.729518e+02,4.729623e+02,4.729712e+02,4.729787e+02,4.729850e+02,4.729903e+02,4.729948e+02,4.729986e+02,4.730017e+02,4.730044e+02,4.730066e+02,4.730084e+02,4.730100e+02,4.730113e+02,4.730123e+02,4.730132e+02,4.730140e+02,4.730146e+02,4.730151e+02,4.730155e+02,4.730159e+02,4.730162e+02,4.730164e+02,4.730166e+02,4.730168e+02,4.730169e+02,4.730170e+02,4.730171e+02,4.730172e+02,4.730173e+02,4.730173e+02,4.730173e+02,4.730174e+02,4.730174e+02,4.730174e+02,4.730174e+02,4.730175e+02,4.730175e+02,4.730175e+02,4.730175e+02,4.730175e+02,4.730175e+02,4.730175e+02,4.730175e+02,4.730175e+02,4.730175e+02,4.730175e+02,4.730175e+02,4.730175e+02,4.730175e+02,4.730175e+02,4.730175e+02,4.730175e+02,4.730175e+02,4.730175e+02,4.730175e+02,4.730175e+02,4.730175e+02,4.730175e+02,4.730175e+02,4.730175e+02,4.730175e+02,4.730175e+02,4.730175e+02,4.730175e+02,4.730175e+02,4.730175e+02,4.730175e+02,4.730175e+02,4.730175e+02,4.730175e+02,4.730175e+02,4.730175e+02,4.730175e+02,4.730175e+02,4.730175e+02,4.730175e+02,4.730175e+02,4.730175e+02,4.730175e+02,4.730175e+02,4.730175e+02,4.730175e+02,4.730175e+02,4.730174e+02,4.730172e+02,4.730168e+02,4.730162e+02,4.730152e+02,4.730135e+02,4.730107e+02,4.730064e+02,4.729998e+02,4.729900e+02,4.729757e+02,4.729552e+02,4.729263e+02,4.728860e+02,4.728310e+02,4.727566e+02,4.726574e+02,4.725266e+02,4.723559e+02,4.721354e+02,4.718534e+02,4.714958e+02,4.710463e+02,4.704857e+02,4.697916e+02,4.689385e+02,4.678969e+02,4.666332e+02,4.651092e+02,4.632819e+02,4.611026e+02,4.585172e+02,4.554651e+02,4.518791e+02,4.476851e+02,4.428016e+02,4.371399e+02,4.306037e+02,4.230895e+02,4.144875e+02,4.046824e+02,3.935554e+02,3.809870e+02,3.668604e+02,3.510674e+02,3.335142e+02,3.141305e+02,2.928788e+02,2.697649e+02,2.448495e+02,2.182567e+02,1.901806e+02,1.608856e+02,1.306997e+02,1.000000e+02,
0.435,1.318249e+02,1.632888e+02,1.939175e+02,2.233050e+02,2.511330e+02,2.771771e+02,3.013037e+02,3.234578e+02,3.436492e+02,3.619363e+02,3.784117e+02,3.931899e+02,4.063978e+02,4.181664e+02,4.286261e+02,4.379027e+02,4.461152e+02,4.533745e+02,4.597826e+02,4.654325e+02,4.704085e+02,4.747867e+02,4.786354e+02,4.820157e+02,4.849819e+02,4.875828e+02,4.898613e+02,4.918560e+02,4.936006e+02,4.951253e+02,4.964567e+02,4.976183e+02,4.986310e+02,4.995130e+02,5.002805e+02,5.009478e+02,5.015275e+02,5.020306e+02,5.024668e+02,5.028446e+02,5.031716e+02,5.034543e+02,5.036985e+02,5.039092e+02,5.040908e+02,5.042472e+02,5.043817e+02,5.044973e+02,5.045966e+02,5.046817e+02,5.047546e+02,5.048170e+02,5.048704e+02,5.049160e+02,5.049548e+02,5.049880e+02,5.050161e+02,5.050401e+02,5.050605e+02,5.050778e+02,5.050924e+02,5.051048e+02,5.051153e+02,5.051242e+02,5.051316e+02,5.051380e+02,5.051433e+02,5.051477e+02,5.051515e+02,5.051546e+02,5.051573e+02,5.051595e+02,5.051613e+02,5.051629e+02,5.051642e+02,5.051652e+02,5.051661e+02,5.051669e+02,5.051675e+02,5.051680e+02,5.051685e+02,5.051688e+02,5.051691e+02,5.051693e+02,5.051695e+02,5.051697e+02,5.051698e+02,5.051700e+02,5.051700e+02,5.051701e+02,5.051702e+02,5.051702e+02,5.051703e+02,5.051703e+02,5.051703e+02,5.051704e+02,5.051704e+02,5.051704e+02,5.051704e+02,5.051704e+02,5.051704e+02,5.051704e+02,5.051704e+02,5.051704e+02,5.051704e+02,5.051704e+02,5.051704e+02,5.051704e+02,5.051705e+02,5.051705e+02,5.051705e+02,5.051705e+02,5.051705e+02,5.051705e+02,5.051705e+02,5.051705e+02,5.051705e+02,5.051705e+02,5.051705e+02,5.051705e+02,5.051705e+02,5.051705e+02,5.051705e+02,5.051705e+02,5.051705e+02,5.051705e+02,5.051705e+02,5.051705e+02,5.051705e+02,5.051705e+02,5.051705e+02,5.051705e+02,5.051705e+02,5.051705e+02,5.051705e+02,5.051705e+02,5.051705e+02,5.051705e+02,5.051705e+02,5.051705e+02,5.051705e+02,5.051705e+02,5.051704e+02,5.051704e+02,5.051704e+02,5.051702e+02,5.051700e+02,5.051696e+02,5.051689e+02,5.051677e+02,5.051657e+02,5.051626e+02,5.051578e+02,5.051506e+02,5.051398e+02,5.051243e+02,5.051022e+02,5.050712e+02,5.050283e+02,5.049700e+02,5.048916e+02,5.047874e+02,5.046504e+02,5.044724e+02,5.042431e+02,5.039506e+02,5.035806e+02,5.031164e+02,5.025384e+02,5.018239e+02,5.009467e+02,4.998766e+02,4.985792e+02,4.970151e+02,4.951397e+02,4.929028e+02,4.902476e+02,4.871106e+02,4.834207e+02,4.790991e+02,4.740580e+02,4.682010e+02,4.614222e+02,4.536063e+02,4.446288e+02,4.343570e+02,4.226509e+02,4.093664e+02,3.943585e+02,3.774871e+02,3.586246e+02,3.376663e+02,3.145419e+02,2.892314e+02,2.617796e+02,2.323121e+02,2.010455e+02,1.682922e+02,1.344534e+02,1.000000e+02,
0.44,1.362539e+02,1.719963e+02,2.066280e+02,2.396509e+02,2.706922e+02,2.995090e+02,3.259779e+02,3.500749e+02,3.718519e+02,3.914147e+02,4.089036e+02,4.244777e+02,4.383034e+02,4.505462e+02,4.613656e+02,4.709116e+02,4.793227e+02,4.867257e+02,4.932352e+02,4.989543e+02,5.039753e+02,5.083803e+02,5.122425e+02,5.156266e+02,5.185900e+02,5.211833e+02,5.234514e+02,5.254337e+02,5.271651e+02,5.286764e+02,5.299946e+02,5.311435e+02,5.321441e+02,5.330150e+02,5.337722e+02,5.344302e+02,5.350015e+02,5.354970e+02,5.359265e+02,5.362983e+02,5.366200e+02,5.368981e+02,5.371382e+02,5.373454e+02,5.375240e+02,5.376777e+02,5.378100e+02,5.379236e+02,5.380212e+02,5.381049e+02,5.381766e+02,5.382379e+02,5.382904e+02,5.383352e+02,5.383735e+02,5.384061e+02,5.384338e+02,5.384574e+02,5.384775e+02,5.384945e+02,5.385089e+02,5.385211e+02,5.385315e+02,5.385402e+02,5.385476e+02,5.385538e+02,5.385591e+02,5.385635e+02,5.385672e+02,5.385703e+02,5.385729e+02,5.385751e+02,5.385769e+02,5.385785e+02,5.385798e+02,5.385808e+02,5.385817e+02,5.385825e+02,5.385831e+02,5.385836e+02,5.385840e+02,5.385844e+02,5.385847e+02,5.385849e+02,5.385851e+02,5.385853e+02,5.385854e+02,5.385855e+02,5.385856e+02,5.385857e+02,5.385857e+02,5.385858e+02,5.385858e+02,5.385859e+02,5.385859e+02,5.385859e+02,5.385859e+02,5.385859e+02,5.385860e+02,5.385860e+02,5.385860e+02,5.385860e+02,5.385860e+02,5.385860e+02,5.385860e+02,5.385860e+02,5.385860e+02,5.385860e+02,5.385860e+02,5.385860e+02,5.385860e+02,5.385860e+02,5.385860e+02,5.385860e+02,5.385860e+02,5.385860e+02,5.385860e+02,5.385860e+02,5.385860e+02,5.385860e+02,5.385860e+02,5.385860e+02,5.385860e+02,5.385860e+02,5.385860e+02,5.385860e+02,5.385860e+02,5.385860e+02,5.385860e+02,5.385860e+02,5.385860e+02,5.385860e+02,5.385860e+02,5.385860e+02,5.385860e+02,5.385860e+02,5.385860e+02,5.385860e+02,5.385860e+02,5.385860e+02,5.385860e+02,5.385860e+02,5.385860e+02,5.385860e+02,5.385859e+02,5.385857e+02,5.385855e+02,5.385850e+02,5.385842e+02,5.385828e+02,5.385806e+02,5.385772e+02,5.385719e+02,5.385641e+02,5.385525e+02,5.385359e+02,5.385125e+02,5.384798e+02,5.384349e+02,5.383740e+02,5.382925e+02,5.381846e+02,5.380433e+02,5.378601e+02,5.376250e+02,5.373257e+02,5.369479e+02,5.364749e+02,5.358868e+02,5.351608e+02,5.342703e+02,5.331850e+02,5.318697e+02,5.302845e+02,5.283838e+02,5.261161e+02,5.234227e+02,5.202377e+02,5.164869e+02,5.120869e+02,5.069446e+02,5.009563e+02,4.940065e+02,4.859681e+02,4.767015e+02,4.660549e+02,4.538652e+02,4.399597e+02,4.241600e+02,4.062868e+02,3.861688e+02,3.636543e+02,3.386265e+02,3.110233e+02,2.808595e+02,2.482505e+02,2.134322e+02,1.767715e+02,1.387622e+02,1.000000e+02,
0.445,1.413985e+02,1.820767e+02,2.212660e+02,2.583512e+02,2.929005e+02,3.246633e+02,3.535464e+02,3.795795e+02,4.028795e+02,4.236191e+02,4.420014e+02,4.582416e+02,4.725542e+02,4.851445e+02,4.962045e+02,5.059099e+02,5.144199e+02,5.218770e+02,5.284082e+02,5.341260e+02,5.391299e+02,5.435074e+02,5.473356e+02,5.506822e+02,5.536066e+02,5.561611e+02,5.583914e+02,5.603379e+02,5.620357e+02,5.635158e+02,5.648055e+02,5.659284e+02,5.669057e+02,5.677555e+02,5.684940e+02,5.691353e+02,5.696918e+02,5.701743e+02,5.705923e+02,5.709541e+02,5.712671e+02,5.715376e+02,5.717711e+02,5.719725e+02,5.721461e+02,5.722955e+02,5.724241e+02,5.725346e+02,5.726295e+02,5.727108e+02,5.727806e+02,5.728403e+02,5.728913e+02,5.729349e+02,5.729721e+02,5.730038e+02,5.730309e+02,5.730538e+02,5.730734e+02,5.730900e+02,5.731040e+02,5.731160e+02,5.731260e+02,5.731346e+02,5.731418e+02,5.731479e+02,5.731530e+02,5.731573e+02,5.731609e+02,5.731640e+02,5.731665e+02,5.731687e+02,5.731705e+02,5.731720e+02,5.731732e+02,5.731743e+02,5.731751e+02,5.731759e+02,5.731765e+02,5.731770e+02,5.731774e+02,5.731777e+02,5.731780e+02,5.731783e+02,5.731785e+02,5.731786e+02,5.731788e+02,5.731789e+02,5.731790e+02,5.731790e+02,5.731791e+02,5.731792e+02,5.731792e+02,5.731792e+02,5.731793e+02,5.731793e+02,5.731793e+02,5.731793e+02,5.731793e+02,5.731793e+02,5.731793e+02,5.731794e+02,5.731794e+02,5.731794e+02,5.731794e+02,5.731794e+02,5.731794e+02,5.731794e+02,5.731794e+02,5.731794e+02,5.731794e+02,5.731794e+02,5.731794e+02,5.731794e+02,5.731794e+02,5.731794e+02,5.731794e+02,5.731794e+02,5.731794e+02,5.731794e+02,5.731794e+02,5.731794e+02,5.731794e+02,5.731794e+02,5.731794e+02,5.731794e+02,5.731794e+02,5.731794e+02,5.731794e+02,5.731794e+02,5.731794e+02,5.731794e+02,5.731794e+02,5.731794e+02,5.731794e+02,5.731794e+02,5.731794e+02,5.731794e+02,5.731794e+02,5.731794e+02,5.731794e+02,5.731794e+02,5.731793e+02,5.731793e+02,5.731792e+02,5.731790e+02,5.731787e+02,5.731782e+02,5.731773e+02,5.731757e+02,5.731733e+02,5.731696e+02,5.731640e+02,5.731556e+02,5.731434e+02,5.731260e+02,5.731016e+02,5.730676e+02,5.730213e+02,5.729587e+02,5.728753e+02,5.727653e+02,5.726217e+02,5.724361e+02,5.721983e+02,5.718965e+02,5.715163e+02,5.710410e+02,5.704509e+02,5.697234e+02,5.688321e+02,5.677463e+02,5.664311e+02,5.648463e+02,5.629460e+02,5.606778e+02,5.579822e+02,5.547915e+02,5.510291e+02,5.466083e+02,5.414311e+02,5.353875e+02,5.283533e+02,5.201899e+02,5.107425e+02,4.998397e+02,4.872934e+02,4.728994e+02,4.564401e+02,4.376891e+02,4.164200e+02,3.924186e+02,3.655020e+02,3.355438e+02,3.025059e+02,2.664738e+02,2.276915e+02,1.865854e+02,1.437664e+02,1.000000e+02,
0.45,1.474548e+02,1.938906e+02,2.383044e+02,2.799335e+02,3.182889e+02,3.531366e+02,3.844479e+02,4.123418e+02,4.370318e+02,4.587825e+02,4.778787e+02,4.946043e+02,5.092301e+02,5.220061e+02,5.331589e+02,5.428910e+02,5.513819e+02,5.587891e+02,5.652509e+02,5.708881e+02,5.758057e+02,5.800957e+02,5.838380e+02,5.871021e+02,5.899488e+02,5.924309e+02,5.945947e+02,5.964803e+02,5.981230e+02,5.995535e+02,6.007986e+02,6.018819e+02,6.028238e+02,6.036424e+02,6.043533e+02,6.049703e+02,6.055055e+02,6.059693e+02,6.063710e+02,6.067187e+02,6.070193e+02,6.072790e+02,6.075033e+02,6.076967e+02,6.078633e+02,6.080069e+02,6.081303e+02,6.082364e+02,6.083275e+02,6.084057e+02,6.084726e+02,6.085300e+02,6.085790e+02,6.086209e+02,6.086567e+02,6.086872e+02,6.087132e+02,6.087353e+02,6.087541e+02,6.087701e+02,6.087837e+02,6.087951e+02,6.088049e+02,6.088131e+02,6.088200e+02,6.088259e+02,6.088309e+02,6.088350e+02,6.088385e+02,6.088415e+02,6.088439e+02,6.088460e+02,6.088478e+02,6.088492e+02,6.088504e+02,6.088514e+02,6.088523e+02,6.088530e+02,6.088536e+02,6.088541e+02,6.088545e+02,6.088548e+02,6.088551e+02,6.088553e+02,6.088555e+02,6.088557e+02,6.088558e+02,6.088559e+02,6.088560e+02,6.088561e+02,6.088561e+02,6.088562e+02,6.088562e+02,6.088563e+02,6.088563e+02,6.088563e+02,6.088563e+02,6.088563e+02,6.088564e+02,6.088564e+02,6.088564e+02,6.088564e+02,6.088564e+02,6.088564e+02,6.088564e+02,6.088564e+02,6.088564e+02,6.088564e+02,6.088564e+02,6.088564e+02,6.088564e+02,6.088564e+02,6.088564e+02,6.088564e+02,6.088564e+02,6.088564e+02,6.088564e+02,6.088564e+02,6.088564e+02,6.088564e+02,6.088564e+02,6.088564e+02,6.088564e+02,6.088564e+02,6.088564e+02,6.088564e+02,6.088564e+02,6.088564e+02,6.088564e+02,6.088564e+02,6.088564e+02,6.088564e+02,6.088564e+02,6.088564e+02,6.088564e+02,6.088564e+02,6.088564e+02,6.088564e+02,6.088564e+02,6.088564e+02,6.088564e+02,6.088564e+02,6.088564e+02,6.088563e+02,6.088562e+02,6.088560e+02,6.088557e+02,6.088550e+02,6.088540e+02,6.088524e+02,6.088498e+02,6.088459e+02,6.088399e+02,6.088312e+02,6.088186e+02,6.088006e+02,6.087755e+02,6.087410e+02,6.086939e+02,6.086307e+02,6.085467e+02,6.084363e+02,6.082927e+02,6.081076e+02,6.078710e+02,6.075713e+02,6.071945e+02,6.067242e+02,6.061413e+02,6.054233e+02,6.045444e+02,6.034745e+02,6.021790e+02,6.006182e+02,5.987464e+02,5.965114e+02,5.938533e+02,5.907039e+02,5.869853e+02,5.826085e+02,5.774722e+02,5.714611e+02,5.644438e+02,5.562713e+02,5.467746e+02,5.357630e+02,5.230226e+02,5.083153e+02,4.913797e+02,4.719343e+02,4.496845e+02,4.243355e+02,3.956131e+02,3.632953e+02,3.272550e+02,2.875138e+02,2.442998e+02,1.980968e+02,1.496635e+02,1.000000e+02,
0.455,1.547071e+02,2.079516e+02,2.583990e+02,3.051056e+02,3.475445e+02,3.855468e+02,4.192064e+02,4.487854e+02,4.746364e+02,4.971474e+02,5.167054e+02,5.336763e+02,5.483938e+02,5.611557e+02,5.722241e+02,5.818274e+02,5.901636e+02,5.974035e+02,6.036945e+02,6.091636e+02,6.139200e+02,6.180579e+02,6.216589e+02,6.247930e+02,6.275212e+02,6.298959e+02,6.319630e+02,6.337620e+02,6.353273e+02,6.366891e+02,6.378733e+02,6.389027e+02,6.397972e+02,6.405741e+02,6.412484e+02,6.418334e+02,6.423406e+02,6.427801e+02,6.431606e+02,6.434898e+02,6.437744e+02,6.440203e+02,6.442326e+02,6.444157e+02,6.445735e+02,6.447093e+02,6.448262e+02,6.449267e+02,6.450129e+02,6.450869e+02,6.451504e+02,6.452047e+02,6.452512e+02,6.452909e+02,6.453248e+02,6.453537e+02,6.453784e+02,6.453994e+02,6.454172e+02,6.454324e+02,6.454453e+02,6.454562e+02,6.454654e+02,6.454733e+02,6.454799e+02,6.454855e+02,6.454902e+02,6.454941e+02,6.454975e+02,6.455003e+02,6.455027e+02,6.455046e+02,6.455063e+02,6.455077e+02,6.455088e+02,6.455098e+02,6.455106e+02,6.455113e+02,6.455119e+02,6.455123e+02,6.455127e+02,6.455131e+02,6.455133e+02,6.455135e+02,6.455137e+02,6.455139e+02,6.455140e+02,6.455141e+02,6.455142e+02,6.455143e+02,6.455143e+02,6.455144e+02,6.455144e+02,6.455144e+02,6.455145e+02,6.455145e+02,6.455145e+02,6.455145e+02,6.455145e+02,6.455145e+02,6.455146e+02,6.455146e+02,6.455146e+02,6.455146e+02,6.455146e+02,6.455146e+02,6.455146e+02,6.455146e+02,6.455146e+02,6.455146e+02,6.455146e+02,6.455146e+02,6.455146e+02,6.455146e+02,6.455146e+02,6.455146e+02,6.455146e+02,6.455146e+02,6.455146e+02,6.455146e+02,6.455146e+02,6.455146e+02,6.455146e+02,6.455146e+02,6.455146e+02,6.455146e+02,6.455146e+02,6.455146e+02,6.455146e+02,6.455146e+02,6.455146e+02,6.455146e+02,6.455146e+02,6.455146e+02,6.455146e+02,6.455146e+02,6.455146e+02,6.455146e+02,6.455146e+02,6.455146e+02,6.455146e+02,6.455146e+02,6.455145e+02,6.455145e+02,6.455144e+02,6.455141e+02,6.455137e+02,6.455131e+02,6.455120e+02,6.455102e+02,6.455075e+02,6.455034e+02,6.454973e+02,6.454884e+02,6.454755e+02,6.454574e+02,6.454322e+02,6.453976e+02,6.453507e+02,6.452880e+02,6.452050e+02,6.450962e+02,6.449550e+02,6.447735e+02,6.445422e+02,6.442497e+02,6.438827e+02,6.434252e+02,6.428589e+02,6.421622e+02,6.413100e+02,6.402733e+02,6.390185e+02,6.375069e+02,6.356938e+02,6.335279e+02,6.309504e+02,6.278933e+02,6.242789e+02,6.200174e+02,6.150060e+02,6.091259e+02,6.022407e+02,5.941930e+02,5.848016e+02,5.738583e+02,5.611240e+02,5.463265e+02,5.291574e+02,5.092732e+02,4.862984e+02,4.598368e+02,4.294917e+02,3.949025e+02,3.558000e+02,3.120837e+02,2.639170e+02,2.118222e+02,1.567392e+02,1.000000e+02,
0.46,1.635827e+02,2.250135e+02,2.824792e+02,3.348296e+02,3.815590e+02,4.226582e+02,4.584389e+02,4.893833e+02,5.160390e+02,5.389529e+02,5.586356e+02,5.755448e+02,5.900814e+02,6.025909e+02,6.133688e+02,6.226663e+02,6.306964e+02,6.376399e+02,6.436503e+02,6.488577e+02,6.533732e+02,6.572915e+02,6.606934e+02,6.636484e+02,6.662160e+02,6.684476e+02,6.703873e+02,6.720734e+02,6.735390e+02,6.748128e+02,6.759196e+02,6.768810e+02,6.777159e+02,6.784406e+02,6.790694e+02,6.796147e+02,6.800873e+02,6.804967e+02,6.808511e+02,6.811577e+02,6.814227e+02,6.816516e+02,6.818493e+02,6.820197e+02,6.821666e+02,6.822931e+02,6.824020e+02,6.824955e+02,6.825759e+02,6.826449e+02,6.827040e+02,6.827546e+02,6.827979e+02,6.828350e+02,6.828666e+02,6.828936e+02,6.829166e+02,6.829362e+02,6.829529e+02,6.829671e+02,6.829791e+02,6.829893e+02,6.829980e+02,6.830053e+02,6.830115e+02,6.830167e+02,6.830211e+02,6.830249e+02,6.830280e+02,6.830306e+02,6.830328e+02,6.830347e+02,6.830363e+02,6.830376e+02,6.830387e+02,6.830396e+02,6.830404e+02,6.830410e+02,6.830415e+02,6.830420e+02,6.830423e+02,6.830426e+02,6.830429e+02,6.830431e+02,6.830433e+02,6.830434e+02,6.830435e+02,6.830436e+02,6.830437e+02,6.830438e+02,6.830438e+02,6.830439e+02,6.830439e+02,6.830440e+02,6.830440e+02,6.830440e+02,6.830440e+02,6.830440e+02,6.830440e+02,6.830441e+02,6.830441e+02,6.830441e+02,6.830441e+02,6.830441e+02,6.830441e+02,6.830441e+02,6.830441e+02,6.830441e+02,6.830441e+02,6.830441e+02,6.830441e+02,6.830441e+02,6.830441e+02,6.830441e+02,6.830441e+02,6.830441e+02,6.830441e+02,6.830441e+02,6.830441e+02,6.830441e+02,6.830441e+02,6.830441e+02,6.830441e+02,6.830441e+02,6.830441e+02,6.830441e+02,6.830441e+02,6.830441e+02,6.830441e+02,6.830441e+02,6.830441e+02,6.830441e+02,6.830441e+02,6.830441e+02,6.830441e+02,6.830441e+02,6.830441e+02,6.830441e+02,6.830441e+02,6.830441e+02,6.830441e+02,6.830441e+02,6.830440e+02,6.830440e+02,6.830438e+02,6.830436e+02,6.830432e+02,6.830425e+02,6.830413e+02,6.830395e+02,6.830368e+02,6.830326e+02,6.830264e+02,6.830175e+02,6.830047e+02,6.829868e+02,6.829620e+02,6.829281e+02,6.828823e+02,6.828213e+02,6.827409e+02,6.826357e+02,6.824997e+02,6.823253e+02,6.821035e+02,6.818236e+02,6.814728e+02,6.810364e+02,6.804968e+02,6.798335e+02,6.790230e+02,6.780375e+02,6.768451e+02,6.754088e+02,6.736859e+02,6.716270e+02,6.691750e+02,6.662641e+02,6.628180e+02,6.587482e+02,6.539522e+02,6.483107e+02,6.416847e+02,6.339118e+02,6.248021e+02,6.141330e+02,6.016441e+02,5.870305e+02,5.699374e+02,5.499552e+02,5.266172e+02,4.994047e+02,4.677631e+02,4.311376e+02,3.890395e+02,3.411514e+02,2.874773e+02,2.285187e+02,1.654227e+02,1.000000e+02,
0.465,1.747540e+02,2.462209e+02,3.118908e+02,3.704249e+02,4.214862e+02,4.654024e+02,5.028516e+02,5.346425e+02,5.615831e+02,5.844152e+02,6.037889e+02,6.202586e+02,6.342904e+02,6.462727e+02,6.565281e+02,6.653246e+02,6.728848e+02,6.793944e+02,6.850083e+02,6.898568e+02,6.940495e+02,6.976787e+02,7.008230e+02,7.035492e+02,7.059142e+02,7.079667e+02,7.097487e+02,7.112959e+02,7.126396e+02,7.138064e+02,7.148195e+02,7.156990e+02,7.164624e+02,7.171248e+02,7.176992e+02,7.181973e+02,7.186288e+02,7.190025e+02,7.193260e+02,7.196058e+02,7.198477e+02,7.200567e+02,7.202370e+02,7.203926e+02,7.205267e+02,7.206422e+02,7.207416e+02,7.208270e+02,7.209004e+02,7.209634e+02,7.210174e+02,7.210637e+02,7.211033e+02,7.211372e+02,7.211661e+02,7.211909e+02,7.212119e+02,7.212299e+02,7.212452e+02,7.212581e+02,7.212692e+02,7.212785e+02,7.212865e+02,7.212932e+02,7.212989e+02,7.213037e+02,7.213078e+02,7.213112e+02,7.213141e+02,7.213165e+02,7.213185e+02,7.213202e+02,7.213217e+02,7.213229e+02,7.213239e+02,7.213247e+02,7.213255e+02,7.213260e+02,7.213265e+02,7.213269e+02,7.213273e+02,7.213276e+02,7.213278e+02,7.213280e+02,7.213282e+02,7.213283e+02,7.213284e+02,7.213285e+02,7.213286e+02,7.213286e+02,7.213287e+02,7.213287e+02,7.213288e+02,7.213288e+02,7.213288e+02,7.213288e+02,7.213289e+02,7.213289e+02,7.213289e+02,7.213289e+02,7.213289e+02,7.213289e+02,7.213289e+02,7.213289e+02,7.213289e+02,7.213289e+02,7.213289e+02,7.213289e+02,7.213289e+02,7.213289e+02,7.213289e+02,7.213289e+02,7.213289e+02,7.213289e+02,7.213289e+02,7.213289e+02,7.213289e+02,7.213289e+02,7.213289e+02,7.213289e+02,7.213289e+02,7.213289e+02,7.213289e+02,7.213289e+02,7.213289e+02,7.213289e+02,7.213289e+02,7.213289e+02,7.213289e+02,7.213289e+02,7.213289e+02,7.213289e+02,7.213289e+02,7.213289e+02,7.213289e+02,7.213289e+02,7.213289e+02,7.213289e+02,7.213289e+02,7.213289e+02,7.213289e+02,7.213289e+02,7.213288e+02,7.213288e+02,7.213286e+02,7.213284e+02,7.213279e+02,7.213272e+02,7.213261e+02,7.213242e+02,7.213215e+02,7.213174e+02,7.213113e+02,7.213026e+02,7.212902e+02,7.212729e+02,7.212490e+02,7.212166e+02,7.211730e+02,7.211151e+02,7.210389e+02,7.209397e+02,7.208116e+02,7.206478e+02,7.204398e+02,7.201779e+02,7.198502e+02,7.194431e+02,7.189403e+02,7.183231e+02,7.175692e+02,7.166532e+02,7.155453e+02,7.142110e+02,7.126102e+02,7.106967e+02,7.084164e+02,7.057069e+02,7.024952e+02,6.986964e+02,6.942108e+02,6.889216e+02,6.826909e+02,6.753558e+02,6.667224e+02,6.565598e+02,6.445920e+02,6.304879e+02,6.138510e+02,5.942074e+02,5.709950e+02,5.435565e+02,5.111433e+02,4.729410e+02,4.281353e+02,3.760428e+02,3.163316e+02,2.493348e+02,1.763884e+02,1.000000e+02,
0.47,1.893381e+02,2.733815e+02,3.486242e+02,4.137069e+02,4.688002e+02,5.148810e+02,5.532151e+02,5.850681e+02,6.115743e+02,6.336961e+02,6.522266e+02,6.678101e+02,6.809667e+02,6.921160e+02,7.015971e+02,7.096848e+02,7.166035e+02,7.225370e+02,7.276366e+02,7.320280e+02,7.358156e+02,7.390871e+02,7.419161e+02,7.443648e+02,7.464861e+02,7.483248e+02,7.499193e+02,7.513026e+02,7.525029e+02,7.535445e+02,7.544483e+02,7.552326e+02,7.559130e+02,7.565032e+02,7.570149e+02,7.574584e+02,7.578427e+02,7.581754e+02,7.584634e+02,7.587125e+02,7.589278e+02,7.591139e+02,7.592744e+02,7.594130e+02,7.595324e+02,7.596353e+02,7.597238e+02,7.597999e+02,7.598653e+02,7.599215e+02,7.599697e+02,7.600110e+02,7.600463e+02,7.600765e+02,7.601024e+02,7.601245e+02,7.601433e+02,7.601593e+02,7.601730e+02,7.601846e+02,7.601945e+02,7.602029e+02,7.602100e+02,7.602160e+02,7.602211e+02,7.602254e+02,7.602291e+02,7.602321e+02,7.602347e+02,7.602369e+02,7.602387e+02,7.602403e+02,7.602416e+02,7.602427e+02,7.602436e+02,7.602443e+02,7.602450e+02,7.602455e+02,7.602460e+02,7.602463e+02,7.602466e+02,7.602469e+02,7.602471e+02,7.602473e+02,7.602474e+02,7.602475e+02,7.602476e+02,7.602477e+02,7.602478e+02,7.602479e+02,7.602479e+02,7.602479e+02,7.602480e+02,7.602480e+02,7.602480e+02,7.602480e+02,7.602481e+02,7.602481e+02,7.602481e+02,7.602481e+02,7.602481e+02,7.602481e+02,7.602481e+02,7.602481e+02,7.602481e+02,7.602481e+02,7.602481e+02,7.602481e+02,7.602481e+02,7.602481e+02,7.602481e+02,7.602481e+02,7.602481e+02,7.602481e+02,7.602481e+02,7.602481e+02,7.602481e+02,7.602481e+02,7.602481e+02,7.602481e+02,7.602481e+02,7.602481e+02,7.602481e+02,7.602481e+02,7.602481e+02,7.602481e+02,7.602481e+02,7.602481e+02,7.602481e+02,7.602481e+02,7.602481e+02,7.602481e+02,7.602481e+02,7.602481e+02,7.602481e+02,7.602481e+02,7.602481e+02,7.602481e+02,7.602481e+02,7.602481e+02,7.602481e+02,7.602481e+02,7.602480e+02,7.602480e+02,7.602478e+02,7.602475e+02,7.602471e+02,7.602464e+02,7.602452e+02,7.602435e+02,7.602408e+02,7.602369e+02,7.602311e+02,7.602228e+02,7.602111e+02,7.601949e+02,7.601726e+02,7.601425e+02,7.601021e+02,7.600486e+02,7.599785e+02,7.598873e+02,7.597701e+02,7.596203e+02,7.594307e+02,7.591922e+02,7.588944e+02,7.585249e+02,7.580691e+02,7.575100e+02,7.568278e+02,7.559993e+02,7.549977e+02,7.537916e+02,7.523446e+02,7.506144e+02,7.485516e+02,7.460985e+02,7.431876e+02,7.397396e+02,7.356608e+02,7.308403e+02,7.251459e+02,7.184194e+02,7.104700e+02,7.010663e+02,6.899261e+02,6.767034e+02,6.609717e+02,6.422040e+02,6.197494e+02,5.928086e+02,5.604134e+02,5.214240e+02,4.745699e+02,4.185808e+02,3.524761e+02,2.760820e+02,1.907552e+02,1.000000e+02,
0.475,2.093233e+02,3.094738e+02,3.956719e+02,4.671554e+02,5.253255e+02,5.723256e+02,6.102988e+02,6.410985e+02,6.662259e+02,6.868611e+02,7.039202e+02,7.181124e+02,7.299888e+02,7.399796e+02,7.484238e+02,7.555904e+02,7.616949e+02,7.669111e+02,7.713806e+02,7.752191e+02,7.785226e+02,7.813703e+02,7.838288e+02,7.859539e+02,7.877924e+02,7.893844e+02,7.907638e+02,7.919595e+02,7.929963e+02,7.938956e+02,7.946756e+02,7.953521e+02,7.959389e+02,7.964477e+02,7.968888e+02,7.972710e+02,7.976022e+02,7.978889e+02,7.981371e+02,7.983517e+02,7.985373e+02,7.986977e+02,7.988361e+02,7.989555e+02,7.990585e+02,7.991472e+02,7.992236e+02,7.992893e+02,7.993458e+02,7.993943e+02,7.994359e+02,7.994715e+02,7.995021e+02,7.995282e+02,7.995506e+02,7.995697e+02,7.995860e+02,7.995999e+02,7.996117e+02,7.996218e+02,7.996303e+02,7.996376e+02,7.996438e+02,7.996490e+02,7.996534e+02,7.996572e+02,7.996604e+02,7.996630e+02,7.996653e+02,7.996672e+02,7.996688e+02,7.996701e+02,7.996713e+02,7.996722e+02,7.996730e+02,7.996737e+02,7.996742e+02,7.996747e+02,7.996751e+02,7.996754e+02,7.996757e+02,7.996759e+02,7.996761e+02,7.996762e+02,7.996764e+02,7.996765e+02,7.996766e+02,7.996766e+02,7.996767e+02,7.996768e+02,7.996768e+02,7.996768e+02,7.996769e+02,7.996769e+02,7.996769e+02,7.996769e+02,7.996769e+02,7.996769e+02,7.996769e+02,7.996770e+02,7.996770e+02,7.996770e+02,7.996770e+02,7.996770e+02,7.996770e+02,7.996770e+02,7.996770e+02,7.996770e+02,7.996770e+02,7.996770e+02,7.996770e+02,7.996770e+02,7.996770e+02,7.996770e+02,7.996770e+02,7.996770e+02,7.996770e+02,7.996770e+02,7.996770e+02,7.996770e+02,7.996770e+02,7.996770e+02,7.996770e+02,7.996770e+02,7.996770e+02,7.996770e+02,7.996770e+02,7.996770e+02,7.996770e+02,7.996770e+02,7.996770e+02,7.996770e+02,7.996770e+02,7.996770e+02,7.996770e+02,7.996770e+02,7.996770e+02,7.996770e+02,7.996770e+02,7.996770e+02,7.996770e+02,7.996769e+02,7.996769e+02,7.996768e+02,7.996767e+02,7.996764e+02,7.996760e+02,7.996753e+02,7.996742e+02,7.996726e+02,7.996701e+02,7.996664e+02,7.996611e+02,7.996536e+02,7.996430e+02,7.996283e+02,7.996082e+02,7.995812e+02,7.995451e+02,7.994974e+02,7.994350e+02,7.993543e+02,7.992506e+02,7.991184e+02,7.989514e+02,7.987418e+02,7.984803e+02,7.981564e+02,7.977573e+02,7.972682e+02,7.966719e+02,7.959483e+02,7.950738e+02,7.940210e+02,7.927581e+02,7.912477e+02,7.894463e+02,7.873027e+02,7.847567e+02,7.817371e+02,7.781593e+02,7.739224e+02,7.689048e+02,7.629594e+02,7.559064e+02,7.475245e+02,7.375387e+02,7.256041e+02,7.112846e+02,6.940236e+02,6.731062e+02,6.476113e+02,6.163539e+02,5.778281e+02,5.301766e+02,4.712526e+02,3.989094e+02,3.117431e+02,2.105140e+02,1.000000e+02,
0.48,2.385683e+02,3.596233e+02,4.575566e+02,5.340563e+02,5.931756e+02,6.389672e+02,6.747410e+02,7.029997e+02,7.255814e+02,7.438266e+02,7.587167e+02,7.709780e+02,7.811540e+02,7.896573e+02,7.968049e+02,8.028437e+02,8.079682e+02,8.123333e+02,8.160635e+02,8.192602e+02,8.220059e+02,8.243692e+02,8.264066e+02,8.281656e+02,8.296860e+02,8.310015e+02,8.321404e+02,8.331271e+02,8.339822e+02,8.347236e+02,8.353665e+02,8.359239e+02,8.364073e+02,8.368264e+02,8.371897e+02,8.375046e+02,8.377773e+02,8.380135e+02,8.382179e+02,8.383947e+02,8.385476e+02,8.386798e+02,8.387939e+02,8.388923e+02,8.389772e+02,8.390504e+02,8.391134e+02,8.391676e+02,8.392142e+02,8.392543e+02,8.392887e+02,8.393181e+02,8.393434e+02,8.393650e+02,8.393835e+02,8.393993e+02,8.394128e+02,8.394243e+02,8.394341e+02,8.394425e+02,8.394496e+02,8.394556e+02,8.394607e+02,8.394651e+02,8.394687e+02,8.394719e+02,8.394745e+02,8.394767e+02,8.394786e+02,8.394802e+02,8.394815e+02,8.394826e+02,8.394836e+02,8.394844e+02,8.394850e+02,8.394856e+02,8.394861e+02,8.394865e+02,8.394868e+02,8.394871e+02,8.394873e+02,8.394875e+02,8.394876e+02,8.394878e+02,8.394879e+02,8.394880e+02,8.394880e+02,8.394881e+02,8.394881e+02,8.394882e+02,8.394882e+02,8.394883e+02,8.394883e+02,8.394883e+02,8.394883e+02,8.394883e+02,8.394883e+02,8.394883e+02,8.394884e+02,8.394884e+02,8.394884e+02,8.394884e+02,8.394884e+02,8.394884e+02,8.394884e+02,8.394884e+02,8.394884e+02,8.394884e+02,8.394884e+02,8.394884e+02,8.394884e+02,8.394884e+02,8.394884e+02,8.394884e+02,8.394884e+02,8.394884e+02,8.394884e+02,8.394884e+02,8.394884e+02,8.394884e+02,8.394884e+02,8.394884e+02,8.394884e+02,8.394884e+02,8.394884e+02,8.394884e+02,8.394884e+02,8.394884e+02,8.394884e+02,8.394884e+02,8.394884e+02,8.394884e+02,8.394884e+02,8.394884e+02,8.394884e+02,8.394884e+02,8.394884e+02,8.394884e+02,8.394884e+02,8.394884e+02,8.394884e+02,8.394883e+02,8.394883e+02,8.394882e+02,8.394881e+02,8.394878e+02,8.394875e+02,8.394868e+02,8.394859e+02,8.394844e+02,8.394822e+02,8.394790e+02,8.394744e+02,8.394678e+02,8.394586e+02,8.394460e+02,8.394288e+02,8.394056e+02,8.393748e+02,8.393343e+02,8.392815e+02,8.392132e+02,8.391258e+02,8.390146e+02,8.388743e+02,8.386985e+02,8.384796e+02,8.382088e+02,8.378755e+02,8.374675e+02,8.369704e+02,8.363677e+02,8.356396e+02,8.347634e+02,8.337125e+02,8.324557e+02,8.309563e+02,8.291713e+02,8.270496e+02,8.245308e+02,8.215425e+02,8.179975e+02,8.137904e+02,8.087918e+02,8.028424e+02,7.957427e+02,7.872413e+02,7.770163e+02,7.646506e+02,7.495959e+02,7.311220e+02,7.082430e+02,6.796145e+02,6.433950e+02,5.970784e+02,5.373519e+02,4.601601e+02,3.614480e+02,2.395256e+02,1.000000e+02,
0.485,2.853935e+02,4.329730e+02,5.409645e+02,6.184381e+02,6.744641e+02,7.157472e+02,7.468279e+02,7.707167e+02,7.894207e+02,8.043020e+02,8.163047e+02,8.260985e+02,8.341684e+02,8.408732e+02,8.464832e+02,8.512052e+02,8.551999e+02,8.585940e+02,8.614884e+02,8.639643e+02,8.660879e+02,8.679134e+02,8.694856e+02,8.708418e+02,8.720131e+02,8.730260e+02,8.739025e+02,8.746615e+02,8.753192e+02,8.758892e+02,8.763834e+02,8.768119e+02,8.771834e+02,8.775055e+02,8.777848e+02,8.780267e+02,8.782364e+02,8.784180e+02,8.785751e+02,8.787111e+02,8.788287e+02,8.789304e+02,8.790182e+02,8.790940e+02,8.791594e+02,8.792157e+02,8.792643e+02,8.793061e+02,8.793420e+02,8.793729e+02,8.793994e+02,8.794222e+02,8.794417e+02,8.794584e+02,8.794726e+02,8.794849e+02,8.794953e+02,8.795042e+02,8.795118e+02,8.795183e+02,8.795238e+02,8.795285e+02,8.795324e+02,8.795358e+02,8.795387e+02,8.795411e+02,8.795431e+02,8.795449e+02,8.795463e+02,8.795476e+02,8.795486e+02,8.795495e+02,8.795502e+02,8.795508e+02,8.795513e+02,8.795518e+02,8.795521e+02,8.795524e+02,8.795527e+02,8.795529e+02,8.795531e+02,8.795532e+02,8.795534e+02,8.795535e+02,8.795536e+02,8.795536e+02,8.795537e+02,8.795537e+02,8.795538e+02,8.795538e+02,8.795538e+02,8.795539e+02,8.795539e+02,8.795539e+02,8.795539e+02,8.795539e+02,8.795539e+02,8.795539e+02,8.795539e+02,8.795539e+02,8.795539e+02,8.795539e+02,8.795539e+02,8.795540e+02,8.795540e+02,8.795540e+02,8.795540e+02,8.795540e+02,8.795540e+02,8.795540e+02,8.795540e+02,8.795540e+02,8.795540e+02,8.795540e+02,8.795540e+02,8.795540e+02,8.795540e+02,8.795540e+02,8.795540e+02,8.795540e+02,8.795540e+02,8.795540e+02,8.795540e+02,8.795540e+02,8.795540e+02,8.795540e+02,8.795540e+02,8.795540e+02,8.795540e+02,8.795540e+02,8.795540e+02,8.795540e+02,8.795540e+02,8.795540e+02,8.795540e+02,8.795540e+02,8.795540e+02,8.795540e+02,8.795540e+02,8.795540e+02,8.795539e+02,8.795539e+02,8.795539e+02,8.795538e+02,8.795537e+02,8.795535e+02,8.795532e+02,8.795526e+02,8.795518e+02,8.795506e+02,8.795488e+02,8.795462e+02,8.795424e+02,8.795371e+02,8.795297e+02,8.795196e+02,8.795058e+02,8.794874e+02,8.794630e+02,8.794310e+02,8.793893e+02,8.793356e+02,8.792669e+02,8.791797e+02,8.790700e+02,8.789327e+02,8.787620e+02,8.785510e+02,8.782918e+02,8.779747e+02,8.775888e+02,8.771212e+02,8.765567e+02,8.758777e+02,8.750636e+02,8.740900e+02,8.729285e+02,8.715453e+02,8.699006e+02,8.679466e+02,8.656261e+02,8.628698e+02,8.595931e+02,8.556916e+02,8.510352e+02,8.454597e+02,8.387546e+02,8.306463e+02,8.207725e+02,8.086447e+02,7.935900e+02,7.746612e+02,7.504934e+02,7.190767e+02,6.773982e+02,6.209152e+02,5.429211e+02,4.343441e+02,2.861127e+02,1.000000e+02,
0.49,3.700793e+02,5.459627e+02,6.549471e+02,7.243295e+02,7.705621e+02,8.028003e+02,8.261818e+02,8.436972e+02,8.571654e+02,8.677421e+02,8.761910e+02,8.830351e+02,8.886430e+02,8.932819e+02,8.971499e+02,9.003965e+02,9.031370e+02,9.054611e+02,9.074401e+02,9.091309e+02,9.105796e+02,9.118240e+02,9.128949e+02,9.138182e+02,9.146153e+02,9.153044e+02,9.159005e+02,9.164166e+02,9.168637e+02,9.172513e+02,9.175872e+02,9.178785e+02,9.181311e+02,9.183501e+02,9.185400e+02,9.187046e+02,9.188472e+02,9.189707e+02,9.190777e+02,9.191703e+02,9.192503e+02,9.193196e+02,9.193794e+02,9.194311e+02,9.194756e+02,9.195141e+02,9.195472e+02,9.195757e+02,9.196002e+02,9.196213e+02,9.196395e+02,9.196550e+02,9.196683e+02,9.196798e+02,9.196896e+02,9.196979e+02,9.197051e+02,9.197112e+02,9.197164e+02,9.197208e+02,9.197246e+02,9.197278e+02,9.197306e+02,9.197329e+02,9.197348e+02,9.197365e+02,9.197379e+02,9.197391e+02,9.197401e+02,9.197410e+02,9.197417e+02,9.197423e+02,9.197428e+02,9.197432e+02,9.197436e+02,9.197439e+02,9.197441e+02,9.197444e+02,9.197445e+02,9.197447e+02,9.197448e+02,9.197449e+02,9.197450e+02,9.197451e+02,9.197451e+02,9.197452e+02,9.197452e+02,9.197452e+02,9.197453e+02,9.197453e+02,9.197453e+02,9.197453e+02,9.197453e+02,9.197454e+02,9.197454e+02,9.197454e+02,9.197454e+02,9.197454e+02,9.197454e+02,9.197454e+02,9.197454e+02,9.197454e+02,9.197454e+02,9.197454e+02,9.197454e+02,9.197454e+02,9.197454e+02,9.197454e+02,9.197454e+02,9.197454e+02,9.197454e+02,9.197454e+02,9.197454e+02,9.197454e+02,9.197454e+02,9.197454e+02,9.197454e+02,9.197454e+02,9.197454e+02,9.197454e+02,9.197454e+02,9.197454e+02,9.197454e+02,9.197454e+02,9.197454e+02,9.197454e+02,9.197454e+02,9.197454e+02,9.197454e+02,9.197454e+02,9.197454e+02,9.197454e+02,9.197454e+02,9.197454e+02,9.197454e+02,9.197454e+02,9.197454e+02,9.197454e+02,9.197454e+02,9.197454e+02,9.197454e+02,9.197454e+02,9.197453e+02,9.197453e+02,9.197452e+02,9.197450e+02,9.197448e+02,9.197444e+02,9.197438e+02,9.197429e+02,9.197416e+02,9.197397e+02,9.197370e+02,9.197332e+02,9.197280e+02,9.197208e+02,9.197111e+02,9.196982e+02,9.196811e+02,9.196587e+02,9.196297e+02,9.195923e+02,9.195447e+02,9.194844e+02,9.194085e+02,9.193138e+02,9.191962e+02,9.190511e+02,9.188730e+02,9.186554e+02,9.183908e+02,9.180705e+02,9.176840e+02,9.172195e+02,9.166627e+02,9.159971e+02,9.152031e+02,9.142576e+02,9.131331e+02,9.117967e+02,9.102087e+02,9.083208e+02,9.060739e+02,9.033946e+02,9.001907e+02,8.963446e+02,8.917045e+02,8.860700e+02,8.791717e+02,8.706384e+02,8.599453e+02,8.463266e+02,8.286246e+02,8.050186e+02,7.725166e+02,7.259793e+02,6.562500e+02,5.468755e+02,3.705581e+02,1.000000e+02,
0.495,5.489874e+02,7.258768e+02,8.085564e+02,8.533942e+02,8.806771e+02,8.987316e+02,9.114226e+02,9.207446e+02,9.278203e+02,9.333276e+02,9.376991e+02,9.412236e+02,9.441014e+02,9.464756e+02,9.484510e+02,9.501063e+02,9.515018e+02,9.526840e+02,9.536899e+02,9.545487e+02,9.552841e+02,9.559156e+02,9.564589e+02,9.569272e+02,9.573315e+02,9.576809e+02,9.579832e+02,9.582449e+02,9.584717e+02,9.586683e+02,9.588387e+02,9.589865e+02,9.591146e+02,9.592258e+02,9.593222e+02,9.594058e+02,9.594782e+02,9.595410e+02,9.595953e+02,9.596424e+02,9.596831e+02,9.597184e+02,9.597488e+02,9.597751e+02,9.597978e+02,9.598174e+02,9.598343e+02,9.598488e+02,9.598613e+02,9.598721e+02,9.598814e+02,9.598893e+02,9.598961e+02,9.599020e+02,9.599070e+02,9.599113e+02,9.599149e+02,9.599181e+02,9.599207e+02,9.599230e+02,9.599249e+02,9.599266e+02,9.599280e+02,9.599292e+02,9.599302e+02,9.599311e+02,9.599318e+02,9.599324e+02,9.599329e+02,9.599333e+02,9.599337e+02,9.599340e+02,9.599343e+02,9.599345e+02,9.599347e+02,9.599349e+02,9.599350e+02,9.599351e+02,9.599352e+02,9.599353e+02,9.599353e+02,9.599354e+02,9.599354e+02,9.599355e+02,9.599355e+02,9.599355e+02,9.599355e+02,9.599356e+02,9.599356e+02,9.599356e+02,9.599356e+02,9.599356e+02,9.599356e+02,9.599356e+02,9.599356e+02,9.599356e+02,9.599356e+02,9.599356e+02,9.599356e+02,9.599356e+02,9.599356e+02,9.599356e+02,9.599356e+02,9.599356e+02,9.599356e+02,9.599356e+02,9.599356e+02,9.599356e+02,9.599356e+02,9.599356e+02,9.599356e+02,9.599356e+02,9.599356e+02,9.599356e+02,9.599356e+02,9.599356e+02,9.599356e+02,9.599356e+02,9.599356e+02,9.599356e+02,9.599356e+02,9.599356e+02,9.599356e+02,9.599356e+02,9.599356e+02,9.599356e+02,9.599356e+02,9.599356e+02,9.599356e+02,9.599356e+02,9.599356e+02,9.599356e+02,9.599356e+02,9.599356e+02,9.599356e+02,9.599356e+02,9.599356e+02,9.599356e+02,9.599356e+02,9.599356e+02,9.599356e+02,9.599356e+02,9.599356e+02,9.599356e+02,9.599355e+02,9.599354e+02,9.599353e+02,9.599351e+02,9.599348e+02,9.599343e+02,9.599336e+02,9.599326e+02,9.599311e+02,9.599291e+02,9.599263e+02,9.599226e+02,9.599175e+02,9.599107e+02,9.599018e+02,9.598901e+02,9.598751e+02,9.598557e+02,9.598311e+02,9.598000e+02,9.597609e+02,9.597122e+02,9.596518e+02,9.595775e+02,9.594862e+02,9.593749e+02,9.592398e+02,9.590762e+02,9.588791e+02,9.586423e+02,9.583587e+02,9.580198e+02,9.576158e+02,9.571347e+02,9.565626e+02,9.558828e+02,9.550748e+02,9.541139e+02,9.529697e+02,9.516042e+02,9.499696e+02,9.480047e+02,9.456294e+02,9.427379e+02,9.391858e+02,9.347719e+02,9.292062e+02,9.220551e+02,9.126398e+02,8.998367e+02,8.816505e+02,8.542157e+02,8.092050e+02,7.263312e+02,5.492257e+02,1.000000e+02,
0.5,5.442865e+02,4.580304e+02,4.751297e+02,5.182397e+02,5.640001e+02,6.055709e+02,6.414210e+02,6.717316e+02,6.971793e+02,7.185162e+02,7.364309e+02,7.515117e+02,7.642470e+02,7.750373e+02,7.842093e+02,7.920299e+02,7.987173e+02,8.044506e+02,8.093776e+02,8.136207e+02,8.172815e+02,8.204451e+02,8.231830e+02,8.255553e+02,8.276130e+02,8.293993e+02,8.309512e+02,8.323000e+02,8.334730e+02,8.344933e+02,8.353810e+02,8.361534e+02,8.368254e+02,8.374102e+02,8.379188e+02,8.383611e+02,8.387457e+02,8.390800e+02,8.393703e+02,8.396225e+02,8.398413e+02,8.400311e+02,8.401956e+02,8.403382e+02,8.404616e+02,8.405683e+02,8.406606e+02,8.407404e+02,8.408092e+02,8.408686e+02,8.409197e+02,8.409638e+02,8.410017e+02,8.410343e+02,8.410622e+02,8.410863e+02,8.411068e+02,8.411245e+02,8.411396e+02,8.411524e+02,8.411635e+02,8.411729e+02,8.411809e+02,8.411877e+02,8.411935e+02,8.411984e+02,8.412026e+02,8.412062e+02,8.412092e+02,8.412117e+02,8.412139e+02,8.412157e+02,8.412173e+02,8.412186e+02,8.412197e+02,8.412206e+02,8.412213e+02,8.412220e+02,8.412225e+02,8.412230e+02,8.412234e+02,8.412237e+02,8.412240e+02,8.412242e+02,8.412244e+02,8.412245e+02,8.412247e+02,8.412248e+02,8.412249e+02,8.412249e+02,8.412250e+02,8.412250e+02,8.412251e+02,8.412251e+02,8.412251e+02,8.412252e+02,8.412252e+02,8.412252e+02,8.412252e+02,8.412252e+02,8.412252e+02,8.412252e+02,8.412253e+02,8.412253e+02,8.412253e+02,8.412253e+02,8.412253e+02,8.412253e+02,8.412253e+02,8.412253e+02,8.412253e+02,8.412253e+02,8.412253e+02,8.412253e+02,8.412253e+02,8.412253e+02,8.412253e+02,8.412253e+02,8.412253e+02,8.412253e+02,8.412253e+02,8.412253e+02,8.412253e+02,8.412253e+02,8.412253e+02,8.412253e+02,8.412253e+02,8.412253e+02,8.412253e+02,8.412253e+02,8.412253e+02,8.412253e+02,8.412253e+02,8.412253e+02,8.412253e+02,8.412253e+02,8.412253e+02,8.412253e+02,8.412253e+02,8.412253e+02,8.412253e+02,8.412253e+02,8.412252e+02,8.412252e+02,8.412251e+02,8.412250e+02,8.412247e+02,8.412244e+02,8.412238e+02,8.412230e+02,8.412217e+02,8.412198e+02,8.412171e+02,8.412131e+02,8.412076e+02,8.411999e+02,8.411893e+02,8.411750e+02,8.411558e+02,8.411303e+02,8.410967e+02,8.410529e+02,8.409964e+02,8.409240e+02,8.408319e+02,8.407155e+02,8.405696e+02,8.403877e+02,8.401623e+02,8.398845e+02,8.395440e+02,8.391285e+02,8.386238e+02,8.380131e+02,8.372770e+02,8.363926e+02,8.353332e+02,8.340673e+02,8.325579e+02,8.307612e+02,8.286248e+02,8.260866e+02,8.230711e+02,8.194868e+02,8.152214e+02,8.101350e+02,8.040517e+02,7.967463e+02,7.879257e+02,7.772001e+02,7.640385e+02,7.476955e+02,7.270871e+02,7.005655e+02,6.654818e+02,6.172595e+02,5.472235e+02,4.368977e+02,-1.188493e+02,1.000000e+02,
0.505,3.117719e+02,3.750019e+02,4.213749e+02,4.672630e+02,5.113215e+02,5.514840e+02,5.868973e+02,6.175504e+02,6.438310e+02,6.662645e+02,6.853874e+02,7.016932e+02,7.156142e+02,7.275200e+02,7.377221e+02,7.464821e+02,7.540186e+02,7.605147e+02,7.661237e+02,7.709743e+02,7.751749e+02,7.788173e+02,7.819789e+02,7.847258e+02,7.871143e+02,7.891924e+02,7.910014e+02,7.925767e+02,7.939490e+02,7.951446e+02,7.961863e+02,7.970940e+02,7.978848e+02,7.985736e+02,7.991734e+02,7.996957e+02,8.001502e+02,8.005456e+02,8.008894e+02,8.011882e+02,8.014477e+02,8.016730e+02,8.018685e+02,8.020379e+02,8.021847e+02,8.023118e+02,8.024218e+02,8.025168e+02,8.025989e+02,8.026698e+02,8.027309e+02,8.027835e+02,8.028288e+02,8.028678e+02,8.029013e+02,8.029301e+02,8.029547e+02,8.029759e+02,8.029940e+02,8.030095e+02,8.030227e+02,8.030340e+02,8.030436e+02,8.030518e+02,8.030588e+02,8.030648e+02,8.030698e+02,8.030741e+02,8.030777e+02,8.030808e+02,8.030834e+02,8.030856e+02,8.030875e+02,8.030890e+02,8.030904e+02,8.030915e+02,8.030924e+02,8.030932e+02,8.030939e+02,8.030944e+02,8.030949e+02,8.030953e+02,8.030956e+02,8.030959e+02,8.030961e+02,8.030963e+02,8.030964e+02,8.030966e+02,8.030967e+02,8.030968e+02,8.030968e+02,8.030969e+02,8.030970e+02,8.030970e+02,8.030970e+02,8.030971e+02,8.030971e+02,8.030971e+02,8.030971e+02,8.030971e+02,8.030972e+02,8.030972e+02,8.030972e+02,8.030972e+02,8.030972e+02,8.030972e+02,8.030972e+02,8.030972e+02,8.030972e+02,8.030972e+02,8.030972e+02,8.030972e+02,8.030972e+02,8.030972e+02,8.030972e+02,8.030972e+02,8.030972e+02,8.030972e+02,8.030972e+02,8.030972e+02,8.030972e+02,8.030972e+02,8.030972e+02,8.030972e+02,8.030972e+02,8.030972e+02,8.030972e+02,8.030972e+02,8.030972e+02,8.030972e+02,8.030972e+02,8.030972e+02,8.030972e+02,8.030972e+02,8.030972e+02,8.030972e+02,8.030972e+02,8.030972e+02,8.030972e+02,8.030972e+02,8.030972e+02,8.030972e+02,8.030971e+02,8.030970e+02,8.030969e+02,8.030967e+02,8.030964e+02,8.030958e+02,8.030950e+02,8.030937e+02,8.030918e+02,8.030890e+02,8.030850e+02,8.030793e+02,8.030714e+02,8.030605e+02,8.030456e+02,8.030255e+02,8.029987e+02,8.029634e+02,8.029171e+02,8.028571e+02,8.027800e+02,8.026816e+02,8.025569e+02,8.024001e+02,8.022041e+02,8.019606e+02,8.016599e+02,8.012906e+02,8.008391e+02,8.002898e+02,7.996243e+02,7.988212e+02,7.978556e+02,7.966981e+02,7.953147e+02,7.936652e+02,7.917025e+02,7.893707e+02,7.866038e+02,7.833225e+02,7.794316e+02,7.748156e+02,7.693327e+02,7.628075e+02,7.550196e+02,7.456885e+02,7.344506e+02,7.208263e+02,7.041674e+02,6.835756e+02,6.577650e+02,6.248239e+02,5.817730e+02,5.236853e+02,4.417766e+02,3.188180e+02,1.168230e+02,1.000000e+02,
0.51,2.278817e+02,3.089504e+02,3.682616e+02,4.183070e+02,4.627640e+02,5.024041e+02,5.374231e+02,5.680621e+02,5.946798e+02,6.177019e+02,6.375670e+02,6.546918e+02,6.694541e+02,6.821874e+02,6.931810e+02,7.026832e+02,7.109063e+02,7.180311e+02,7.242113e+02,7.295781e+02,7.342430e+02,7.383013e+02,7.418347e+02,7.449130e+02,7.475963e+02,7.499362e+02,7.519774e+02,7.537584e+02,7.553125e+02,7.566688e+02,7.578523e+02,7.588850e+02,7.597859e+02,7.605717e+02,7.612568e+02,7.618539e+02,7.623741e+02,7.628272e+02,7.632215e+02,7.635645e+02,7.638627e+02,7.641218e+02,7.643467e+02,7.645419e+02,7.647111e+02,7.648578e+02,7.649847e+02,7.650945e+02,7.651894e+02,7.652714e+02,7.653422e+02,7.654031e+02,7.654557e+02,7.655009e+02,7.655398e+02,7.655732e+02,7.656019e+02,7.656264e+02,7.656475e+02,7.656655e+02,7.656810e+02,7.656941e+02,7.657054e+02,7.657149e+02,7.657231e+02,7.657301e+02,7.657360e+02,7.657410e+02,7.657452e+02,7.657488e+02,7.657519e+02,7.657545e+02,7.657567e+02,7.657585e+02,7.657601e+02,7.657614e+02,7.657625e+02,7.657634e+02,7.657642e+02,7.657648e+02,7.657654e+02,7.657658e+02,7.657662e+02,7.657665e+02,7.657668e+02,7.657670e+02,7.657672e+02,7.657674e+02,7.657675e+02,7.657676e+02,7.657677e+02,7.657678e+02,7.657678e+02,7.657679e+02,7.657679e+02,7.657680e+02,7.657680e+02,7.657680e+02,7.657680e+02,7.657680e+02,7.657681e+02,7.657681e+02,7.657681e+02,7.657681e+02,7.657681e+02,7.657681e+02,7.657681e+02,7.657681e+02,7.657681e+02,7.657681e+02,7.657681e+02,7.657681e+02,7.657681e+02,7.657681e+02,7.657681e+02,7.657681e+02,7.657681e+02,7.657681e+02,7.657681e+02,7.657681e+02,7.657681e+02,7.657681e+02,7.657681e+02,7.657681e+02,7.657681e+02,7.657681e+02,7.657681e+02,7.657681e+02,7.657681e+02,7.657681e+02,7.657681e+02,7.657681e+02,7.657681e+02,7.657681e+02,7.657681e+02,7.657681e+02,7.657681e+02,7.657681e+02,7.657681e+02,7.657681e+02,7.657681e+02,7.657680e+02,7.657680e+02,7.657679e+02,7.657677e+02,7.657674e+02,7.657669e+02,7.657661e+02,7.657650e+02,7.657633e+02,7.657607e+02,7.657570e+02,7.657517e+02,7.657442e+02,7.657339e+02,7.657196e+02,7.657003e+02,7.656744e+02,7.656400e+02,7.655948e+02,7.655360e+02,7.654599e+02,7.653624e+02,7.652384e+02,7.650819e+02,7.648856e+02,7.646410e+02,7.643381e+02,7.639649e+02,7.635077e+02,7.629501e+02,7.622734e+02,7.614555e+02,7.604707e+02,7.592891e+02,7.578759e+02,7.561904e+02,7.541851e+02,7.518041e+02,7.489817e+02,7.456401e+02,7.416866e+02,7.370105e+02,7.314777e+02,7.249255e+02,7.171532e+02,7.079120e+02,6.968882e+02,6.836820e+02,6.677753e+02,6.484856e+02,6.248980e+02,5.957637e+02,5.593489e+02,5.132232e+02,4.540192e+02,3.774297e+02,2.797850e+02,1.672868e+02,1.000000e+02,
0.515,1.909041e+02,2.647963e+02,3.245940e+02,3.751575e+02,4.192787e+02,4.582368e+02,4.926556e+02,5.229552e+02,5.495168e+02,5.727205e+02,5.929411e+02,6.105355e+02,6.258332e+02,6.391311e+02,6.506925e+02,6.607483e+02,6.694995e+02,6.771201e+02,6.837605e+02,6.895504e+02,6.946017e+02,6.990109e+02,7.028614e+02,7.062254e+02,7.091650e+02,7.117345e+02,7.139808e+02,7.159445e+02,7.176614e+02,7.191622e+02,7.204740e+02,7.216202e+02,7.226217e+02,7.234963e+02,7.242598e+02,7.249260e+02,7.255071e+02,7.260137e+02,7.264551e+02,7.268394e+02,7.271739e+02,7.274648e+02,7.277175e+02,7.279370e+02,7.281275e+02,7.282927e+02,7.284358e+02,7.285597e+02,7.286668e+02,7.287595e+02,7.288395e+02,7.289085e+02,7.289680e+02,7.290192e+02,7.290633e+02,7.291012e+02,7.291338e+02,7.291617e+02,7.291856e+02,7.292062e+02,7.292237e+02,7.292387e+02,7.292515e+02,7.292625e+02,7.292718e+02,7.292797e+02,7.292865e+02,7.292922e+02,7.292971e+02,7.293012e+02,7.293047e+02,7.293076e+02,7.293102e+02,7.293123e+02,7.293141e+02,7.293156e+02,7.293168e+02,7.293179e+02,7.293188e+02,7.293195e+02,7.293202e+02,7.293207e+02,7.293211e+02,7.293215e+02,7.293218e+02,7.293221e+02,7.293223e+02,7.293225e+02,7.293226e+02,7.293228e+02,7.293229e+02,7.293229e+02,7.293230e+02,7.293231e+02,7.293231e+02,7.293232e+02,7.293232e+02,7.293232e+02,7.293232e+02,7.293233e+02,7.293233e+02,7.293233e+02,7.293233e+02,7.293233e+02,7.293233e+02,7.293233e+02,7.293233e+02,7.293233e+02,7.293233e+02,7.293233e+02,7.293233e+02,7.293233e+02,7.293233e+02,7.293233e+02,7.293233e+02,7.293233e+02,7.293233e+02,7.293233e+02,7.293233e+02,7.293233e+02,7.293233e+02,7.293233e+02,7.293233e+02,7.293233e+02,7.293233e+02,7.293233e+02,7.293233e+02,7.293233e+02,7.293233e+02,7.293233e+02,7.293233e+02,7.293233e+02,7.293233e+02,7.293233e+02,7.293233e+02,7.293233e+02,7.293233e+02,7.293233e+02,7.293233e+02,7.293233e+02,7.293233e+02,7.293232e+02,7.293232e+02,7.293230e+02,7.293228e+02,7.293224e+02,7.293217e+02,7.293208e+02,7.293193e+02,7.293171e+02,7.293138e+02,7.293091e+02,7.293025e+02,7.292932e+02,7.292804e+02,7.292628e+02,7.292391e+02,7.292074e+02,7.291655e+02,7.291107e+02,7.290394e+02,7.289477e+02,7.288304e+02,7.286818e+02,7.284947e+02,7.282606e+02,7.279697e+02,7.276103e+02,7.271686e+02,7.266286e+02,7.259717e+02,7.251760e+02,7.242165e+02,7.230636e+02,7.216833e+02,7.200361e+02,7.180757e+02,7.157486e+02,7.129919e+02,7.097321e+02,7.058824e+02,7.013406e+02,6.959845e+02,6.896684e+02,6.822163e+02,6.734143e+02,6.630004e+02,6.506505e+02,6.359597e+02,6.184178e+02,5.973764e+02,5.720059e+02,5.412450e+02,5.037494e+02,4.578788e+02,4.018270e+02,3.341873e+02,2.556144e+02,1.725075e+02,1.000000e+02,
0.52,1.710529e+02,2.348952e+02,2.903613e+02,3.386928e+02,3.812393e+02,4.189304e+02,4.523668e+02,4.819824e+02,5.081427e+02,5.311869e+02,5.514385e+02,5.692042e+02,5.847697e+02,5.983970e+02,6.103221e+02,6.207560e+02,6.298852e+02,6.378740e+02,6.448661e+02,6.509874e+02,6.563473e+02,6.610417e+02,6.651538e+02,6.687563e+02,6.719126e+02,6.746781e+02,6.771009e+02,6.792234e+02,6.810826e+02,6.827106e+02,6.841360e+02,6.853835e+02,6.864750e+02,6.874295e+02,6.882639e+02,6.889930e+02,6.896296e+02,6.901852e+02,6.906698e+02,6.910923e+02,6.914602e+02,6.917805e+02,6.920592e+02,6.923014e+02,6.925117e+02,6.926943e+02,6.928526e+02,6.929897e+02,6.931085e+02,6.932112e+02,6.933000e+02,6.933766e+02,6.934427e+02,6.934997e+02,6.935488e+02,6.935910e+02,6.936273e+02,6.936585e+02,6.936852e+02,6.937081e+02,6.937277e+02,6.937445e+02,6.937588e+02,6.937711e+02,6.937815e+02,6.937904e+02,6.937980e+02,6.938045e+02,6.938099e+02,6.938146e+02,6.938185e+02,6.938218e+02,6.938247e+02,6.938270e+02,6.938291e+02,6.938308e+02,6.938322e+02,6.938334e+02,6.938344e+02,6.938353e+02,6.938360e+02,6.938366e+02,6.938371e+02,6.938375e+02,6.938379e+02,6.938382e+02,6.938384e+02,6.938386e+02,6.938388e+02,6.938389e+02,6.938390e+02,6.938391e+02,6.938392e+02,6.938393e+02,6.938393e+02,6.938394e+02,6.938394e+02,6.938394e+02,6.938395e+02,6.938395e+02,6.938395e+02,6.938395e+02,6.938395e+02,6.938395e+02,6.938396e+02,6.938396e+02,6.938396e+02,6.938396e+02,6.938396e+02,6.938396e+02,6.938396e+02,6.938396e+02,6.938396e+02,6.938396e+02,6.938396e+02,6.938396e+02,6.938396e+02,6.938396e+02,6.938396e+02,6.938396e+02,6.938396e+02,6.938396e+02,6.938396e+02,6.938396e+02,6.938396e+02,6.938396e+02,6.938396e+02,6.938396e+02,6.938396e+02,6.938396e+02,6.938396e+02,6.938396e+02,6.938396e+02,6.938396e+02,6.938396e+02,6.938396e+02,6.938396e+02,6.938396e+02,6.938396e+02,6.938396e+02,6.938395e+02,6.938395e+02,6.938393e+02,6.938392e+02,6.938388e+02,6.938383e+02,6.938376e+02,6.938363e+02,6.938345e+02,6.938318e+02,6.938279e+02,6.938222e+02,6.938142e+02,6.938031e+02,6.937878e+02,6.937669e+02,6.937389e+02,6.937016e+02,6.936524e+02,6.935882e+02,6.935050e+02,6.933983e+02,6.932622e+02,6.930902e+02,6.928742e+02,6.926046e+02,6.922704e+02,6.918583e+02,6.913531e+02,6.907368e+02,6.899886e+02,6.890844e+02,6.879961e+02,6.866914e+02,6.851327e+02,6.832765e+02,6.810726e+02,6.784624e+02,6.753782e+02,6.717405e+02,6.674570e+02,6.624187e+02,6.564976e+02,6.495416e+02,6.413699e+02,6.317656e+02,6.204675e+02,6.071595e+02,5.914568e+02,5.728902e+02,5.508877e+02,5.247566e+02,4.936733e+02,4.566972e+02,4.128471e+02,3.613136e+02,3.019279e+02,2.359862e+02,1.670972e+02,1.000000e+02,
0.525,1.585401e+02,2.135442e+02,2.634830e+02,3.082770e+02,3.483621e+02,3.842268e+02,4.162874e+02,4.448921e+02,4.703494e+02,4.929465e+02,5.129568e+02,5.306408e+02,5.462439e+02,5.599941e+02,5.721006e+02,5.827529e+02,5.921215e+02,6.003587e+02,6.075996e+02,6.139638e+02,6.195569e+02,6.244718e+02,6.287903e+02,6.325844e+02,6.359173e+02,6.388445e+02,6.414149e+02,6.436713e+02,6.456516e+02,6.473890e+02,6.489127e+02,6.502484e+02,6.514188e+02,6.524439e+02,6.533411e+02,6.541261e+02,6.548125e+02,6.554122e+02,6.559359e+02,6.563929e+02,6.567914e+02,6.571386e+02,6.574409e+02,6.577040e+02,6.579327e+02,6.581313e+02,6.583037e+02,6.584532e+02,6.585828e+02,6.586949e+02,6.587919e+02,6.588758e+02,6.589481e+02,6.590106e+02,6.590643e+02,6.591107e+02,6.591505e+02,6.591847e+02,6.592141e+02,6.592393e+02,6.592609e+02,6.592794e+02,6.592952e+02,6.593088e+02,6.593203e+02,6.593301e+02,6.593385e+02,6.593456e+02,6.593517e+02,6.593568e+02,6.593612e+02,6.593649e+02,6.593680e+02,6.593707e+02,6.593729e+02,6.593748e+02,6.593764e+02,6.593777e+02,6.593789e+02,6.593798e+02,6.593806e+02,6.593813e+02,6.593818e+02,6.593823e+02,6.593827e+02,6.593830e+02,6.593833e+02,6.593835e+02,6.593837e+02,6.593839e+02,6.593840e+02,6.593841e+02,6.593842e+02,6.593843e+02,6.593844e+02,6.593844e+02,6.593845e+02,6.593845e+02,6.593845e+02,6.593845e+02,6.593846e+02,6.593846e+02,6.593846e+02,6.593846e+02,6.593846e+02,6.593846e+02,6.593846e+02,6.593846e+02,6.593846e+02,6.593846e+02,6.593846e+02,6.593846e+02,6.593847e+02,6.593847e+02,6.593847e+02,6.593847e+02,6.593847e+02,6.593847e+02,6.593847e+02,6.593847e+02,6.593847e+02,6.593847e+02,6.593847e+02,6.593847e+02,6.593847e+02,6.593847e+02,6.593847e+02,6.593847e+02,6.593847e+02,6.593847e+02,6.593847e+02,6.593847e+02,6.593847e+02,6.593847e+02,6.593847e+02,6.593847e+02,6.593847e+02,6.593846e+02,6.593846e+02,6.593846e+02,6.593846e+02,6.593845e+02,6.593843e+02,6.593841e+02,6.593837e+02,6.593831e+02,6.593822e+02,6.593807e+02,6.593785e+02,6.593753e+02,6.593707e+02,6.593641e+02,6.593548e+02,6.593418e+02,6.593241e+02,6.593001e+02,6.592679e+02,6.592251e+02,6.591690e+02,6.590958e+02,6.590014e+02,6.588805e+02,6.587269e+02,6.585331e+02,6.582903e+02,6.579881e+02,6.576141e+02,6.571540e+02,6.565911e+02,6.559059e+02,6.550759e+02,6.540747e+02,6.528724e+02,6.514340e+02,6.497193e+02,6.476820e+02,6.452686e+02,6.424175e+02,6.390574e+02,6.351055e+02,6.304662e+02,6.250277e+02,6.186598e+02,6.112102e+02,6.024995e+02,5.923166e+02,5.804123e+02,5.664916e+02,5.502062e+02,5.311461e+02,5.088337e+02,4.827236e+02,4.522161e+02,4.166980e+02,3.756351e+02,3.287455e+02,2.762748e+02,2.193134e+02,1.598620e+02,1.000000e+02,
0.53,1.497023e+02,1.974465e+02,2.419851e+02,2.828522e+02,3.200327e+02,3.536986e+02,3.840772e+02,4.114036e+02,4.359099e+02,4.578240e+02,4.773687e+02,4.947603e+02,5.102060e+02,5.239016e+02,5.360296e+02,5.467582e+02,5.562408e+02,5.646166e+02,5.720105e+02,5.785346e+02,5.842889e+02,5.893623e+02,5.938338e+02,5.977735e+02,6.012434e+02,6.042985e+02,6.069872e+02,6.093527e+02,6.114328e+02,6.132612e+02,6.148675e+02,6.162780e+02,6.175159e+02,6.186017e+02,6.195535e+02,6.203873e+02,6.211172e+02,6.217558e+02,6.223142e+02,6.228019e+02,6.232277e+02,6.235992e+02,6.239229e+02,6.242048e+02,6.244502e+02,6.246635e+02,6.248488e+02,6.250097e+02,6.251492e+02,6.252700e+02,6.253747e+02,6.254651e+02,6.255433e+02,6.256108e+02,6.256690e+02,6.257192e+02,6.257624e+02,6.257995e+02,6.258314e+02,6.258588e+02,6.258823e+02,6.259024e+02,6.259196e+02,6.259343e+02,6.259469e+02,6.259576e+02,6.259668e+02,6.259745e+02,6.259812e+02,6.259868e+02,6.259916e+02,6.259956e+02,6.259991e+02,6.260020e+02,6.260044e+02,6.260065e+02,6.260083e+02,6.260097e+02,6.260110e+02,6.260120e+02,6.260129e+02,6.260137e+02,6.260143e+02,6.260148e+02,6.260152e+02,6.260156e+02,6.260159e+02,6.260162e+02,6.260164e+02,6.260165e+02,6.260167e+02,6.260168e+02,6.260169e+02,6.260170e+02,6.260171e+02,6.260171e+02,6.260172e+02,6.260172e+02,6.260172e+02,6.260173e+02,6.260173e+02,6.260173e+02,6.260173e+02,6.260173e+02,6.260174e+02,6.260174e+02,6.260174e+02,6.260174e+02,6.260174e+02,6.260174e+02,6.260174e+02,6.260174e+02,6.260174e+02,6.260174e+02,6.260174e+02,6.260174e+02,6.260174e+02,6.260174e+02,6.260174e+02,6.260174e+02,6.260174e+02,6.260174e+02,6.260174e+02,6.260174e+02,6.260174e+02,6.260174e+02,6.260174e+02,6.260174e+02,6.260174e+02,6.260174e+02,6.260174e+02,6.260174e+02,6.260174e+02,6.260174e+02,6.260174e+02,6.260174e+02,6.260174e+02,6.260174e+02,6.260174e+02,6.260173e+02,6.260173e+02,6.260172e+02,6.260170e+02,6.260167e+02,6.260163e+02,6.260156e+02,6.260144e+02,6.260127e+02,6.260102e+02,6.260065e+02,6.260012e+02,6.259936e+02,6.259830e+02,6.259683e+02,6.259483e+02,6.259212e+02,6.258850e+02,6.258372e+02,6.257745e+02,6.256931e+02,6.255882e+02,6.254543e+02,6.252846e+02,6.250709e+02,6.248038e+02,6.244721e+02,6.240625e+02,6.235596e+02,6.229456e+02,6.221998e+02,6.212981e+02,6.202129e+02,6.189123e+02,6.173597e+02,6.155129e+02,6.133238e+02,6.107369e+02,6.076887e+02,6.041060e+02,5.999049e+02,5.949887e+02,5.892462e+02,5.825486e+02,5.747474e+02,5.656706e+02,5.551191e+02,5.428628e+02,5.286364e+02,5.121358e+02,4.930165e+02,4.708959e+02,4.453624e+02,4.159992e+02,3.824287e+02,3.443900e+02,3.018540e+02,2.551636e+02,2.051381e+02,1.530023e+02,1.000000e+02,
0.535,1.429710e+02,1.847542e+02,2.244080e+02,2.614117e+02,2.955627e+02,3.268482e+02,3.553534e+02,3.812118e+02,4.045804e+02,4.256280e+02,4.445284e+02,4.614564e+02,4.765832e+02,4.900744e+02,5.020869e+02,5.127678e+02,5.222534e+02,5.306690e+02,5.381287e+02,5.447362e+02,5.505847e+02,5.557581e+02,5.603318e+02,5.643730e+02,5.679418e+02,5.710917e+02,5.738704e+02,5.763203e+02,5.784790e+02,5.803801e+02,5.820533e+02,5.835251e+02,5.848189e+02,5.859554e+02,5.869531e+02,5.878284e+02,5.885957e+02,5.892678e+02,5.898562e+02,5.903708e+02,5.908205e+02,5.912133e+02,5.915559e+02,5.918547e+02,5.921149e+02,5.923414e+02,5.925383e+02,5.927094e+02,5.928580e+02,5.929868e+02,5.930983e+02,5.931949e+02,5.932785e+02,5.933506e+02,5.934129e+02,5.934666e+02,5.935129e+02,5.935528e+02,5.935870e+02,5.936164e+02,5.936417e+02,5.936633e+02,5.936818e+02,5.936977e+02,5.937113e+02,5.937228e+02,5.937327e+02,5.937411e+02,5.937483e+02,5.937544e+02,5.937596e+02,5.937640e+02,5.937677e+02,5.937708e+02,5.937735e+02,5.937758e+02,5.937777e+02,5.937793e+02,5.937807e+02,5.937818e+02,5.937828e+02,5.937836e+02,5.937842e+02,5.937848e+02,5.937853e+02,5.937857e+02,5.937860e+02,5.937863e+02,5.937865e+02,5.937867e+02,5.937869e+02,5.937870e+02,5.937871e+02,5.937872e+02,5.937873e+02,5.937874e+02,5.937874e+02,5.937875e+02,5.937875e+02,5.937875e+02,5.937875e+02,5.937876e+02,5.937876e+02,5.937876e+02,5.937876e+02,5.937876e+02,5.937876e+02,5.937876e+02,5.937876e+02,5.937876e+02,5.937876e+02,5.937876e+02,5.937876e+02,5.937876e+02,5.937876e+02,5.937876e+02,5.937877e+02,5.937877e+02,5.937877e+02,5.937877e+02,5.937877e+02,5.937877e+02,5.937877e+02,5.937877e+02,5.937877e+02,5.937877e+02,5.937877e+02,5.937877e+02,5.937877e+02,5.937877e+02,5.937877e+02,5.937877e+02,5.937877e+02,5.937877e+02,5.937877e+02,5.937877e+02,5.937876e+02,5.937876e+02,5.937876e+02,5.937876e+02,5.937875e+02,5.937874e+02,5.937872e+02,5.937869e+02,5.937863e+02,5.937855e+02,5.937842e+02,5.937823e+02,5.937794e+02,5.937752e+02,5.937692e+02,5.937607e+02,5.937489e+02,5.937325e+02,5.937103e+02,5.936804e+02,5.936405e+02,5.935879e+02,5.935192e+02,5.934302e+02,5.933159e+02,5.931703e+02,5.929861e+02,5.927547e+02,5.924661e+02,5.921084e+02,5.916676e+02,5.911277e+02,5.904697e+02,5.896721e+02,5.887097e+02,5.875539e+02,5.861715e+02,5.845249e+02,5.825709e+02,5.802600e+02,5.775360e+02,5.743346e+02,5.705826e+02,5.661964e+02,5.610808e+02,5.551270e+02,5.482111e+02,5.401916e+02,5.309076e+02,5.201764e+02,5.077910e+02,4.935194e+02,4.771037e+02,4.582631e+02,4.367000e+02,4.121140e+02,3.842262e+02,3.528177e+02,3.177859e+02,2.792141e+02,2.374392e+02,1.930796e+02,1.469717e+02,1.000000e+02,
0.54,1.375840e+02,1.744002e+02,2.097414e+02,2.431342e+02,2.743173e+02,3.031838e+02,3.297278e+02,3.540051e+02,3.761093e+02,3.961568e+02,4.142773e+02,4.306073e+02,4.452855e+02,4.584490e+02,4.702309e+02,4.807582e+02,4.901504e+02,4.985190e+02,5.059668e+02,5.125883e+02,5.184698e+02,5.236894e+02,5.283179e+02,5.324191e+02,5.360506e+02,5.392638e+02,5.421049e+02,5.446153e+02,5.468320e+02,5.487879e+02,5.505126e+02,5.520322e+02,5.533703e+02,5.545476e+02,5.555827e+02,5.564920e+02,5.572902e+02,5.579904e+02,5.586041e+02,5.591415e+02,5.596117e+02,5.600228e+02,5.603819e+02,5.606952e+02,5.609685e+02,5.612066e+02,5.614138e+02,5.615940e+02,5.617505e+02,5.618864e+02,5.620043e+02,5.621064e+02,5.621947e+02,5.622712e+02,5.623372e+02,5.623941e+02,5.624433e+02,5.624856e+02,5.625220e+02,5.625533e+02,5.625802e+02,5.626032e+02,5.626230e+02,5.626399e+02,5.626544e+02,5.626668e+02,5.626774e+02,5.626864e+02,5.626940e+02,5.627006e+02,5.627061e+02,5.627108e+02,5.627149e+02,5.627182e+02,5.627211e+02,5.627236e+02,5.627256e+02,5.627273e+02,5.627288e+02,5.627300e+02,5.627311e+02,5.627320e+02,5.627327e+02,5.627333e+02,5.627338e+02,5.627343e+02,5.627346e+02,5.627349e+02,5.627352e+02,5.627354e+02,5.627356e+02,5.627357e+02,5.627358e+02,5.627359e+02,5.627360e+02,5.627361e+02,5.627361e+02,5.627362e+02,5.627362e+02,5.627363e+02,5.627363e+02,5.627363e+02,5.627363e+02,5.627363e+02,5.627363e+02,5.627364e+02,5.627364e+02,5.627364e+02,5.627364e+02,5.627364e+02,5.627364e+02,5.627364e+02,5.627364e+02,5.627364e+02,5.627364e+02,5.627364e+02,5.627364e+02,5.627364e+02,5.627364e+02,5.627364e+02,5.627364e+02,5.627364e+02,5.627364e+02,5.627364e+02,5.627364e+02,5.627364e+02,5.627364e+02,5.627364e+02,5.627364e+02,5.627364e+02,5.627364e+02,5.627364e+02,5.627364e+02,5.627364e+02,5.627364e+02,5.627364e+02,5.627364e+02,5.627364e+02,5.627364e+02,5.627363e+02,5.627362e+02,5.627361e+02,5.627359e+02,5.627355e+02,5.627349e+02,5.627339e+02,5.627325e+02,5.627303e+02,5.627271e+02,5.627224e+02,5.627158e+02,5.627064e+02,5.626934e+02,5.626755e+02,5.626513e+02,5.626187e+02,5.625755e+02,5.625187e+02,5.624445e+02,5.623488e+02,5.622261e+02,5.620701e+02,5.618732e+02,5.616265e+02,5.613194e+02,5.609395e+02,5.604724e+02,5.599013e+02,5.592067e+02,5.583664e+02,5.573546e+02,5.561420e+02,5.546947e+02,5.529746e+02,5.509379e+02,5.485351e+02,5.457100e+02,5.423986e+02,5.385289e+02,5.340193e+02,5.287775e+02,5.226993e+02,5.156677e+02,5.075507e+02,4.982008e+02,4.874537e+02,4.751274e+02,4.610234e+02,4.449278e+02,4.266167e+02,4.058643e+02,3.824572e+02,3.562157e+02,3.270240e+02,2.948680e+02,2.598761e+02,2.223513e+02,1.827748e+02,1.417655e+02,1.000000e+02,
0.545,1.331274e+02,1.657380e+02,1.972921e+02,2.273867e+02,2.557582e+02,2.822600e+02,3.068332e+02,3.294806e+02,3.502473e+02,3.692066e+02,3.864503e+02,4.020817e+02,4.162103e+02,4.289478e+02,4.404051e+02,4.506905e+02,4.599074e+02,4.681538e+02,4.755216e+02,4.820959e+02,4.879553e+02,4.931721e+02,4.978120e+02,5.019350e+02,5.055954e+02,5.088422e+02,5.117198e+02,5.142681e+02,5.165228e+02,5.185163e+02,5.202774e+02,5.218319e+02,5.232029e+02,5.244112e+02,5.254751e+02,5.264111e+02,5.272340e+02,5.279567e+02,5.285909e+02,5.291470e+02,5.296342e+02,5.300606e+02,5.304335e+02,5.307593e+02,5.310437e+02,5.312917e+02,5.315078e+02,5.316959e+02,5.318595e+02,5.320016e+02,5.321250e+02,5.322320e+02,5.323246e+02,5.324048e+02,5.324742e+02,5.325341e+02,5.325858e+02,5.326303e+02,5.326687e+02,5.327017e+02,5.327301e+02,5.327545e+02,5.327754e+02,5.327933e+02,5.328087e+02,5.328218e+02,5.328330e+02,5.328425e+02,5.328507e+02,5.328576e+02,5.328636e+02,5.328686e+02,5.328728e+02,5.328765e+02,5.328795e+02,5.328821e+02,5.328843e+02,5.328862e+02,5.328877e+02,5.328891e+02,5.328902e+02,5.328911e+02,5.328919e+02,5.328926e+02,5.328931e+02,5.328936e+02,5.328940e+02,5.328943e+02,5.328946e+02,5.328948e+02,5.328950e+02,5.328951e+02,5.328953e+02,5.328954e+02,5.328955e+02,5.328956e+02,5.328956e+02,5.328957e+02,5.328957e+02,5.328957e+02,5.328958e+02,5.328958e+02,5.328958e+02,5.328958e+02,5.328958e+02,5.328959e+02,5.328959e+02,5.328959e+02,5.328959e+02,5.328959e+02,5.328959e+02,5.328959e+02,5.328959e+02,5.328959e+02,5.328959e+02,5.328959e+02,5.328959e+02,5.328959e+02,5.328959e+02,5.328959e+02,5.328959e+02,5.328959e+02,5.328959e+02,5.328959e+02,5.328959e+02,5.328959e+02,5.328959e+02,5.328959e+02,5.328959e+02,5.328959e+02,5.328959e+02,5.328959e+02,5.328959e+02,5.328959e+02,5.328959e+02,5.328959e+02,5.328959e+02,5.328959e+02,5.328959e+02,5.328958e+02,5.328957e+02,5.328955e+02,5.328953e+02,5.328949e+02,5.328942e+02,5.328931e+02,5.328915e+02,5.328891e+02,5.328856e+02,5.328805e+02,5.328732e+02,5.328631e+02,5.328490e+02,5.328297e+02,5.328036e+02,5.327687e+02,5.327225e+02,5.326619e+02,5.325830e+02,5.324814e+02,5.323515e+02,5.321866e+02,5.319791e+02,5.317195e+02,5.313970e+02,5.309988e+02,5.305102e+02,5.299140e+02,5.291905e+02,5.283168e+02,5.272669e+02,5.260111e+02,5.245157e+02,5.227422e+02,5.206471e+02,5.181814e+02,5.152897e+02,5.119095e+02,5.079709e+02,5.033952e+02,4.980948e+02,4.919714e+02,4.849159e+02,4.768077e+02,4.675137e+02,4.568884e+02,4.447749e+02,4.310058e+02,4.154072e+02,3.978036e+02,3.780271e+02,3.559299e+02,3.314016e+02,3.043918e+02,2.749342e+02,2.431708e+02,2.093667e+02,1.739076e+02,1.372739e+02,1.000000e+02,
0.55,1.293551e+02,1.583543e+02,1.865779e+02,2.136897e+02,2.394466e+02,2.636914e+02,2.863381e+02,3.073562e+02,3.267559e+02,3.445773e+02,3.608814e+02,3.757434e+02,3.892476e+02,4.014831e+02,4.125413e+02,4.225130e+02,4.314867e+02,4.395477e+02,4.467769e+02,4.532506e+02,4.590397e+02,4.642101e+02,4.688224e+02,4.729322e+02,4.765905e+02,4.798436e+02,4.827335e+02,4.852983e+02,4.875725e+02,4.895871e+02,4.913702e+02,4.929470e+02,4.943401e+02,4.955698e+02,4.966542e+02,4.976098e+02,4.984509e+02,4.991908e+02,4.998410e+02,5.004117e+02,5.009124e+02,5.013511e+02,5.017352e+02,5.020712e+02,5.023648e+02,5.026211e+02,5.028446e+02,5.030394e+02,5.032090e+02,5.033564e+02,5.034845e+02,5.035957e+02,5.036922e+02,5.037757e+02,5.038480e+02,5.039105e+02,5.039644e+02,5.040110e+02,5.040512e+02,5.040857e+02,5.041154e+02,5.041410e+02,5.041629e+02,5.041817e+02,5.041979e+02,5.042117e+02,5.042235e+02,5.042335e+02,5.042421e+02,5.042495e+02,5.042557e+02,5.042610e+02,5.042655e+02,5.042693e+02,5.042726e+02,5.042753e+02,5.042777e+02,5.042796e+02,5.042813e+02,5.042827e+02,5.042839e+02,5.042849e+02,5.042857e+02,5.042864e+02,5.042870e+02,5.042875e+02,5.042879e+02,5.042883e+02,5.042886e+02,5.042888e+02,5.042890e+02,5.042892e+02,5.042893e+02,5.042895e+02,5.042896e+02,5.042896e+02,5.042897e+02,5.042898e+02,5.042898e+02,5.042898e+02,5.042899e+02,5.042899e+02,5.042899e+02,5.042899e+02,5.042900e+02,5.042900e+02,5.042900e+02,5.042900e+02,5.042900e+02,5.042900e+02,5.042900e+02,5.042900e+02,5.042900e+02,5.042900e+02,5.042900e+02,5.042900e+02,5.042900e+02,5.042900e+02,5.042900e+02,5.042900e+02,5.042900e+02,5.042900e+02,5.042900e+02,5.042900e+02,5.042900e+02,5.042900e+02,5.042900e+02,5.042900e+02,5.042900e+02,5.042900e+02,5.042900e+02,5.042900e+02,5.042900e+02,5.042900e+02,5.042900e+02,5.042900e+02,5.042900e+02,5.042900e+02,5.042900e+02,5.042899e+02,5.042898e+02,5.042896e+02,5.042893e+02,5.042888e+02,5.042881e+02,5.042869e+02,5.042852e+02,5.042825e+02,5.042787e+02,5.042732e+02,5.042654e+02,5.042545e+02,5.042395e+02,5.042190e+02,5.041913e+02,5.041543e+02,5.041055e+02,5.040416e+02,5.039587e+02,5.038522e+02,5.037162e+02,5.035441e+02,5.033278e+02,5.030579e+02,5.027232e+02,5.023108e+02,5.018057e+02,5.011906e+02,5.004455e+02,4.995475e+02,4.984707e+02,4.971853e+02,4.956579e+02,4.938504e+02,4.917201e+02,4.892190e+02,4.862931e+02,4.828824e+02,4.789198e+02,4.743306e+02,4.690322e+02,4.629336e+02,4.559347e+02,4.479261e+02,4.387897e+02,4.283986e+02,4.166189e+02,4.033119e+02,3.883376e+02,3.715609e+02,3.528588e+02,3.321321e+02,3.093180e+02,2.844063e+02,2.574555e+02,2.286063e+02,1.980888e+02,1.662183e+02,1.333791e+02,1.000000e+02,
0.555,1.261095e+02,1.519720e+02,1.772551e+02,2.016797e+02,2.250300e+02,2.471528e+02,2.679515e+02,2.873758e+02,3.054127e+02,3.220777e+02,3.374078e+02,3.514553e+02,3.642830e+02,3.759610e+02,3.865631e+02,3.961644e+02,4.048401e+02,4.126635e+02,4.197053e+02,4.260329e+02,4.317098e+02,4.367957e+02,4.413458e+02,4.454114e+02,4.490398e+02,4.522742e+02,4.551542e+02,4.577159e+02,4.599921e+02,4.620126e+02,4.638042e+02,4.653914e+02,4.667961e+02,4.680381e+02,4.691351e+02,4.701032e+02,4.709567e+02,4.717085e+02,4.723699e+02,4.729514e+02,4.734621e+02,4.739101e+02,4.743028e+02,4.746467e+02,4.749476e+02,4.752105e+02,4.754401e+02,4.756404e+02,4.758149e+02,4.759667e+02,4.760988e+02,4.762136e+02,4.763132e+02,4.763996e+02,4.764744e+02,4.765391e+02,4.765951e+02,4.766434e+02,4.766851e+02,4.767210e+02,4.767519e+02,4.767785e+02,4.768014e+02,4.768210e+02,4.768378e+02,4.768522e+02,4.768646e+02,4.768751e+02,4.768841e+02,4.768918e+02,4.768983e+02,4.769039e+02,4.769086e+02,4.769127e+02,4.769161e+02,4.769190e+02,4.769214e+02,4.769235e+02,4.769253e+02,4.769267e+02,4.769280e+02,4.769291e+02,4.769299e+02,4.769307e+02,4.769313e+02,4.769318e+02,4.769323e+02,4.769327e+02,4.769330e+02,4.769332e+02,4.769334e+02,4.769336e+02,4.769338e+02,4.769339e+02,4.769340e+02,4.769341e+02,4.769342e+02,4.769342e+02,4.769343e+02,4.769343e+02,4.769343e+02,4.769344e+02,4.769344e+02,4.769344e+02,4.769344e+02,4.769344e+02,4.769344e+02,4.769345e+02,4.769345e+02,4.769345e+02,4.769345e+02,4.769345e+02,4.769345e+02,4.769345e+02,4.769345e+02,4.769345e+02,4.769345e+02,4.769345e+02,4.769345e+02,4.769345e+02,4.769345e+02,4.769345e+02,4.769345e+02,4.769345e+02,4.769345e+02,4.769345e+02,4.769345e+02,4.769345e+02,4.769345e+02,4.769345e+02,4.769345e+02,4.769345e+02,4.769345e+02,4.769345e+02,4.769345e+02,4.769345e+02,4.769345e+02,4.769345e+02,4.769344e+02,4.769344e+02,4.769342e+02,4.769340e+02,4.769337e+02,4.769332e+02,4.769324e+02,4.769311e+02,4.769292e+02,4.769264e+02,4.769223e+02,4.769164e+02,4.769081e+02,4.768966e+02,4.768807e+02,4.768591e+02,4.768300e+02,4.767914e+02,4.767404e+02,4.766738e+02,4.765877e+02,4.764771e+02,4.763364e+02,4.761586e+02,4.759357e+02,4.756579e+02,4.753142e+02,4.748915e+02,4.743748e+02,4.737467e+02,4.729874e+02,4.720740e+02,4.709810e+02,4.696789e+02,4.681348e+02,4.663116e+02,4.641678e+02,4.616567e+02,4.587268e+02,4.553204e+02,4.513742e+02,4.468181e+02,4.415753e+02,4.355620e+02,4.286876e+02,4.208543e+02,4.119581e+02,4.018897e+02,3.905360e+02,3.777832e+02,3.635202e+02,3.476438e+02,3.300660e+02,3.107223e+02,2.895822e+02,2.666599e+02,2.420249e+02,2.158102e+02,1.882148e+02,1.595003e+02,1.299793e+02,1.000000e+02,
0.56,1.232835e+02,1.463969e+02,1.690726e+02,1.910783e+02,2.122258e+02,2.323730e+02,2.514215e+02,2.693111e+02,2.860140e+02,3.015286e+02,3.158733e+02,3.290824e+02,3.412013e+02,3.522837e+02,3.623882e+02,3.715765e+02,3.799114e+02,3.874554e+02,3.942697e+02,4.004134e+02,4.059429e+02,4.109115e+02,4.153695e+02,4.193636e+02,4.229373e+02,4.261308e+02,4.289809e+02,4.315216e+02,4.337839e+02,4.357960e+02,4.375837e+02,4.391703e+02,4.405768e+02,4.418225e+02,4.429246e+02,4.438987e+02,4.447587e+02,4.455172e+02,4.461856e+02,4.467739e+02,4.472912e+02,4.477457e+02,4.481445e+02,4.484942e+02,4.488004e+02,4.490683e+02,4.493025e+02,4.495070e+02,4.496854e+02,4.498408e+02,4.499761e+02,4.500938e+02,4.501960e+02,4.502847e+02,4.503616e+02,4.504282e+02,4.504859e+02,4.505357e+02,4.505787e+02,4.506158e+02,4.506477e+02,4.506753e+02,4.506989e+02,4.507192e+02,4.507367e+02,4.507516e+02,4.507644e+02,4.507754e+02,4.507848e+02,4.507927e+02,4.507996e+02,4.508054e+02,4.508103e+02,4.508145e+02,4.508181e+02,4.508211e+02,4.508237e+02,4.508259e+02,4.508277e+02,4.508293e+02,4.508306e+02,4.508317e+02,4.508326e+02,4.508334e+02,4.508341e+02,4.508346e+02,4.508351e+02,4.508355e+02,4.508358e+02,4.508361e+02,4.508363e+02,4.508365e+02,4.508367e+02,4.508368e+02,4.508369e+02,4.508370e+02,4.508371e+02,4.508371e+02,4.508372e+02,4.508372e+02,4.508373e+02,4.508373e+02,4.508373e+02,4.508373e+02,4.508374e+02,4.508374e+02,4.508374e+02,4.508374e+02,4.508374e+02,4.508374e+02,4.508374e+02,4.508374e+02,4.508374e+02,4.508374e+02,4.508374e+02,4.508374e+02,4.508374e+02,4.508374e+02,4.508374e+02,4.508374e+02,4.508374e+02,4.508374e+02,4.508374e+02,4.508374e+02,4.508374e+02,4.508374e+02,4.508374e+02,4.508374e+02,4.508374e+02,4.508374e+02,4.508374e+02,4.508374e+02,4.508374e+02,4.508374e+02,4.508374e+02,4.508374e+02,4.508374e+02,4.508374e+02,4.508373e+02,4.508373e+02,4.508371e+02,4.508369e+02,4.508366e+02,4.508360e+02,4.508351e+02,4.508338e+02,4.508317e+02,4.508287e+02,4.508244e+02,4.508182e+02,4.508095e+02,4.507974e+02,4.507808e+02,4.507583e+02,4.507281e+02,4.506880e+02,4.506353e+02,4.505666e+02,4.504780e+02,4.503644e+02,4.502202e+02,4.500383e+02,4.498107e+02,4.495277e+02,4.491781e+02,4.487490e+02,4.482254e+02,4.475901e+02,4.468235e+02,4.459033e+02,4.448040e+02,4.434973e+02,4.419509e+02,4.401290e+02,4.379914e+02,4.354937e+02,4.325865e+02,4.292156e+02,4.253214e+02,4.208389e+02,4.156973e+02,4.098205e+02,4.031269e+02,3.955299e+02,3.869389e+02,3.772604e+02,3.663998e+02,3.542645e+02,3.407670e+02,3.258295e+02,3.093903e+02,2.914099e+02,2.718790e+02,2.508260e+02,2.283238e+02,2.044944e+02,1.795102e+02,1.535901e+02,1.269917e+02,1.000000e+02,
0.565,1.208010e+02,1.414878e+02,1.618419e+02,1.816693e+02,2.008069e+02,2.191261e+02,2.365320e+02,2.529607e+02,2.683758e+02,2.827638e+02,2.961298e+02,3.084941e+02,3.198881e+02,3.303518e+02,3.399311e+02,3.486759e+02,3.566381e+02,3.638705e+02,3.704256e+02,3.763547e+02,3.817075e+02,3.865316e+02,3.908719e+02,3.947710e+02,3.982686e+02,4.014015e+02,4.042040e+02,4.067078e+02,4.089418e+02,4.109328e+02,4.127050e+02,4.142807e+02,4.156801e+02,4.169216e+02,4.180216e+02,4.189954e+02,4.198565e+02,4.206170e+02,4.212881e+02,4.218795e+02,4.224003e+02,4.228584e+02,4.232609e+02,4.236142e+02,4.239239e+02,4.241953e+02,4.244327e+02,4.246402e+02,4.248214e+02,4.249795e+02,4.251172e+02,4.252371e+02,4.253414e+02,4.254319e+02,4.255105e+02,4.255787e+02,4.256377e+02,4.256887e+02,4.257328e+02,4.257709e+02,4.258037e+02,4.258320e+02,4.258564e+02,4.258773e+02,4.258953e+02,4.259107e+02,4.259239e+02,4.259353e+02,4.259449e+02,4.259532e+02,4.259603e+02,4.259663e+02,4.259714e+02,4.259758e+02,4.259795e+02,4.259826e+02,4.259853e+02,4.259876e+02,4.259895e+02,4.259911e+02,4.259925e+02,4.259937e+02,4.259946e+02,4.259954e+02,4.259961e+02,4.259967e+02,4.259972e+02,4.259976e+02,4.259980e+02,4.259983e+02,4.259985e+02,4.259987e+02,4.259989e+02,4.259990e+02,4.259991e+02,4.259992e+02,4.259993e+02,4.259994e+02,4.259994e+02,4.259995e+02,4.259995e+02,4.259995e+02,4.259996e+02,4.259996e+02,4.259996e+02,4.259996e+02,4.259996e+02,4.259996e+02,4.259996e+02,4.259997e+02,4.259997e+02,4.259997e+02,4.259997e+02,4.259997e+02,4.259997e+02,4.259997e+02,4.259997e+02,4.259997e+02,4.259997e+02,4.259997e+02,4.259997e+02,4.259997e+02,4.259997e+02,4.259997e+02,4.259997e+02,4.259997e+02,4.259997e+02,4.259997e+02,4.259997e+02,4.259997e+02,4.259997e+02,4.259997e+02,4.259997e+02,4.259997e+02,4.259997e+02,4.259997e+02,4.259997e+02,4.259996e+02,4.259996e+02,4.259995e+02,4.259994e+02,4.259991e+02,4.259987e+02,4.259981e+02,4.259972e+02,4.259957e+02,4.259936e+02,4.259905e+02,4.259859e+02,4.259795e+02,4.259704e+02,4.259579e+02,4.259407e+02,4.259175e+02,4.258864e+02,4.258452e+02,4.257912e+02,4.257210e+02,4.256306e+02,4.255150e+02,4.253685e+02,4.251841e+02,4.249538e+02,4.246679e+02,4.243154e+02,4.238835e+02,4.233575e+02,4.227205e+02,4.219533e+02,4.210340e+02,4.199380e+02,4.186377e+02,4.171021e+02,4.152967e+02,4.131833e+02,4.107195e+02,4.078589e+02,4.045505e+02,4.007391e+02,3.963645e+02,3.913624e+02,3.856638e+02,3.791961e+02,3.718831e+02,3.636463e+02,3.544064e+02,3.440849e+02,3.326067e+02,3.199035e+02,3.059174e+02,2.906063e+02,2.739481e+02,2.559475e+02,2.366403e+02,2.160984e+02,1.944322e+02,1.717907e+02,1.483586e+02,1.243499e+02,1.000000e+02,
0.57,1.186056e+02,1.371386e+02,1.554185e+02,1.732821e+02,1.905889e+02,2.072237e+02,2.230980e+02,2.381479e+02,2.523326e+02,2.656310e+02,2.780389e+02,2.895657e+02,3.002319e+02,3.100665e+02,3.191046e+02,3.273860e+02,3.349532e+02,3.418503e+02,3.481220e+02,3.538125e+02,3.589654e+02,3.636225e+02,3.678241e+02,3.716084e+02,3.750114e+02,3.780669e+02,3.808063e+02,3.832591e+02,3.854521e+02,3.874105e+02,3.891569e+02,3.907126e+02,3.920966e+02,3.933264e+02,3.944180e+02,3.953857e+02,3.962427e+02,3.970008e+02,3.976706e+02,3.982617e+02,3.987830e+02,3.992420e+02,3.996458e+02,4.000007e+02,4.003122e+02,4.005854e+02,4.008247e+02,4.010340e+02,4.012171e+02,4.013769e+02,4.015163e+02,4.016378e+02,4.017435e+02,4.018355e+02,4.019153e+02,4.019846e+02,4.020447e+02,4.020967e+02,4.021417e+02,4.021806e+02,4.022141e+02,4.022430e+02,4.022679e+02,4.022894e+02,4.023078e+02,4.023236e+02,4.023372e+02,4.023489e+02,4.023588e+02,4.023673e+02,4.023746e+02,4.023808e+02,4.023861e+02,4.023906e+02,4.023944e+02,4.023977e+02,4.024005e+02,4.024028e+02,4.024048e+02,4.024065e+02,4.024079e+02,4.024091e+02,4.024101e+02,4.024110e+02,4.024117e+02,4.024123e+02,4.024128e+02,4.024132e+02,4.024136e+02,4.024139e+02,4.024141e+02,4.024144e+02,4.024145e+02,4.024147e+02,4.024148e+02,4.024149e+02,4.024150e+02,4.024151e+02,4.024151e+02,4.024152e+02,4.024152e+02,4.024152e+02,4.024153e+02,4.024153e+02,4.024153e+02,4.024153e+02,4.024153e+02,4.024154e+02,4.024154e+02,4.024154e+02,4.024154e+02,4.024154e+02,4.024154e+02,4.024154e+02,4.024154e+02,4.024154e+02,4.024154e+02,4.024154e+02,4.024154e+02,4.024154e+02,4.024154e+02,4.024154e+02,4.024154e+02,4.024154e+02,4.024154e+02,4.024154e+02,4.024154e+02,4.024154e+02,4.024154e+02,4.024154e+02,4.024154e+02,4.024154e+02,4.024154e+02,4.024154e+02,4.024154e+02,4.024154e+02,4.024154e+02,4.024153e+02,4.024153e+02,4.024152e+02,4.024150e+02,4.024148e+02,4.024144e+02,4.024137e+02,4.024127e+02,4.024112e+02,4.024090e+02,4.024057e+02,4.024010e+02,4.023943e+02,4.023850e+02,4.023721e+02,4.023545e+02,4.023307e+02,4.022990e+02,4.022571e+02,4.022023e+02,4.021312e+02,4.020397e+02,4.019230e+02,4.017754e+02,4.015900e+02,4.013588e+02,4.010723e+02,4.007198e+02,4.002887e+02,3.997645e+02,3.991308e+02,3.983689e+02,3.974578e+02,3.963736e+02,3.950898e+02,3.935767e+02,3.918015e+02,3.897278e+02,3.873160e+02,3.845223e+02,3.812996e+02,3.775966e+02,3.733584e+02,3.685266e+02,3.630395e+02,3.568325e+02,3.498391e+02,3.419919e+02,3.332237e+02,3.234695e+02,3.126692e+02,3.007695e+02,2.877281e+02,2.735170e+02,2.581266e+02,2.415700e+02,2.238865e+02,2.051444e+02,1.854426e+02,1.649101e+02,1.437032e+02,1.220013e+02,1.000000e+02,
0.575,1.166544e+02,1.332673e+02,1.496886e+02,1.657801e+02,1.814204e+02,1.965078e+02,2.109606e+02,2.247177e+02,2.377364e+02,2.499914e+02,2.614717e+02,2.721790e+02,2.821252e+02,2.913305e+02,2.998212e+02,3.076284e+02,3.147866e+02,3.213323e+02,3.273032e+02,3.327373e+02,3.376721e+02,3.421446e+02,3.461904e+02,3.498437e+02,3.531369e+02,3.561007e+02,3.587639e+02,3.611535e+02,3.632944e+02,3.652100e+02,3.669216e+02,3.684490e+02,3.698102e+02,3.710218e+02,3.720989e+02,3.730553e+02,3.739036e+02,3.746550e+02,3.753199e+02,3.759075e+02,3.764262e+02,3.768837e+02,3.772866e+02,3.776412e+02,3.779527e+02,3.782263e+02,3.784662e+02,3.786763e+02,3.788602e+02,3.790210e+02,3.791613e+02,3.792837e+02,3.793904e+02,3.794833e+02,3.795640e+02,3.796341e+02,3.796949e+02,3.797476e+02,3.797932e+02,3.798327e+02,3.798668e+02,3.798962e+02,3.799216e+02,3.799434e+02,3.799622e+02,3.799784e+02,3.799923e+02,3.800041e+02,3.800143e+02,3.800231e+02,3.800305e+02,3.800369e+02,3.800423e+02,3.800469e+02,3.800509e+02,3.800542e+02,3.800571e+02,3.800595e+02,3.800615e+02,3.800633e+02,3.800648e+02,3.800660e+02,3.800670e+02,3.800679e+02,3.800687e+02,3.800693e+02,3.800698e+02,3.800703e+02,3.800707e+02,3.800710e+02,3.800712e+02,3.800714e+02,3.800716e+02,3.800718e+02,3.800719e+02,3.800720e+02,3.800721e+02,3.800722e+02,3.800722e+02,3.800723e+02,3.800723e+02,3.800724e+02,3.800724e+02,3.800724e+02,3.800724e+02,3.800725e+02,3.800725e+02,3.800725e+02,3.800725e+02,3.800725e+02,3.800725e+02,3.800725e+02,3.800725e+02,3.800725e+02,3.800725e+02,3.800725e+02,3.800725e+02,3.800725e+02,3.800725e+02,3.800725e+02,3.800725e+02,3.800725e+02,3.800725e+02,3.800725e+02,3.800725e+02,3.800725e+02,3.800725e+02,3.800725e+02,3.800725e+02,3.800725e+02,3.800725e+02,3.800725e+02,3.800725e+02,3.800725e+02,3.800725e+02,3.800725e+02,3.800725e+02,3.800725e+02,3.800724e+02,3.800723e+02,3.800722e+02,3.800719e+02,3.800715e+02,3.800708e+02,3.800697e+02,3.800682e+02,3.800658e+02,3.800625e+02,3.800576e+02,3.800508e+02,3.800412e+02,3.800281e+02,3.800102e+02,3.799861e+02,3.799540e+02,3.799117e+02,3.798564e+02,3.797849e+02,3.796931e+02,3.795763e+02,3.794287e+02,3.792437e+02,3.790133e+02,3.787285e+02,3.783785e+02,3.779513e+02,3.774327e+02,3.768070e+02,3.760560e+02,3.751595e+02,3.740947e+02,3.728362e+02,3.713559e+02,3.696227e+02,3.676024e+02,3.652578e+02,3.625483e+02,3.594302e+02,3.558566e+02,3.517776e+02,3.471404e+02,3.418900e+02,3.359694e+02,3.293209e+02,3.218866e+02,3.136099e+02,3.044374e+02,2.943207e+02,2.832190e+02,2.711015e+02,2.579507e+02,2.437655e+02,2.285639e+02,2.123859e+02,1.952951e+02,1.773794e+02,1.587505e+02,1.395416e+02,1.199035e+02,1.000000e+02,
0.58,1.149134e+02,1.298092e+02,1.445612e+02,1.590518e+02,1.731763e+02,1.868447e+02,1.999832e+02,2.125341e+02,2.244550e+02,2.357183e+02,2.463088e+02,2.562226e+02,2.654649e+02,2.740490e+02,2.819941e+02,2.893240e+02,2.960665e+02,3.022513e+02,3.079101e+02,3.130751e+02,3.177788e+02,3.220533e+02,3.259301e+02,3.294394e+02,3.326103e+02,3.354707e+02,3.380466e+02,3.403628e+02,3.424422e+02,3.443063e+02,3.459751e+02,3.474669e+02,3.487988e+02,3.499862e+02,3.510436e+02,3.519840e+02,3.528192e+02,3.535602e+02,3.542168e+02,3.547979e+02,3.553115e+02,3.557651e+02,3.561651e+02,3.565175e+02,3.568275e+02,3.571001e+02,3.573393e+02,3.575492e+02,3.577330e+02,3.578938e+02,3.580344e+02,3.581572e+02,3.582643e+02,3.583575e+02,3.584387e+02,3.585093e+02,3.585706e+02,3.586237e+02,3.586698e+02,3.587097e+02,3.587442e+02,3.587739e+02,3.587996e+02,3.588218e+02,3.588409e+02,3.588573e+02,3.588714e+02,3.588835e+02,3.588938e+02,3.589027e+02,3.589103e+02,3.589168e+02,3.589224e+02,3.589271e+02,3.589311e+02,3.589346e+02,3.589375e+02,3.589400e+02,3.589421e+02,3.589439e+02,3.589454e+02,3.589466e+02,3.589477e+02,3.589486e+02,3.589494e+02,3.589501e+02,3.589506e+02,3.589511e+02,3.589514e+02,3.589518e+02,3.589520e+02,3.589523e+02,3.589525e+02,3.589526e+02,3.589527e+02,3.589529e+02,3.589529e+02,3.589530e+02,3.589531e+02,3.589531e+02,3.589532e+02,3.589532e+02,3.589533e+02,3.589533e+02,3.589533e+02,3.589533e+02,3.589533e+02,3.589533e+02,3.589534e+02,3.589534e+02,3.589534e+02,3.589534e+02,3.589534e+02,3.589534e+02,3.589534e+02,3.589534e+02,3.589534e+02,3.589534e+02,3.589534e+02,3.589534e+02,3.589534e+02,3.589534e+02,3.589534e+02,3.589534e+02,3.589534e+02,3.589534e+02,3.589534e+02,3.589534e+02,3.589534e+02,3.589534e+02,3.589534e+02,3.589534e+02,3.589534e+02,3.589534e+02,3.589534e+02,3.589534e+02,3.589534e+02,3.589533e+02,3.589533e+02,3.589532e+02,3.589530e+02,3.589527e+02,3.589523e+02,3.589516e+02,3.589505e+02,3.589489e+02,3.589465e+02,3.589430e+02,3.589381e+02,3.589311e+02,3.589214e+02,3.589081e+02,3.588901e+02,3.588658e+02,3.588336e+02,3.587912e+02,3.587360e+02,3.586646e+02,3.585731e+02,3.584569e+02,3.583105e+02,3.581271e+02,3.578993e+02,3.576180e+02,3.572730e+02,3.568526e+02,3.563431e+02,3.557294e+02,3.549941e+02,3.541179e+02,3.530791e+02,3.518537e+02,3.504150e+02,3.487338e+02,3.467782e+02,3.445135e+02,3.419023e+02,3.389042e+02,3.354765e+02,3.315741e+02,3.271496e+02,3.221541e+02,3.165377e+02,3.102502e+02,3.032422e+02,2.954661e+02,2.868781e+02,2.774396e+02,2.671192e+02,2.558950e+02,2.437573e+02,2.307103e+02,2.167747e+02,2.019895e+02,1.864130e+02,1.701231e+02,1.532165e+02,1.358070e+02,1.180222e+02,1.000000e+02,
0.585,1.133556e+02,1.267119e+02,1.399618e+02,1.530051e+02,1.657512e+02,1.781208e+02,1.900473e+02,2.014773e+02,2.123700e+02,2.226969e+02,2.324402e+02,2.415920e+02,2.501529e+02,2.581305e+02,2.655382e+02,2.723941e+02,2.787200e+02,2.845401e+02,2.898807e+02,2.947689e+02,2.992326e+02,3.032997e+02,3.069975e+02,3.103530e+02,3.133921e+02,3.161397e+02,3.186194e+02,3.208537e+02,3.228636e+02,3.246689e+02,3.262881e+02,3.277381e+02,3.290349e+02,3.301931e+02,3.312260e+02,3.321461e+02,3.329646e+02,3.336917e+02,3.343370e+02,3.349088e+02,3.354150e+02,3.358625e+02,3.362577e+02,3.366062e+02,3.369133e+02,3.371835e+02,3.374210e+02,3.376295e+02,3.378124e+02,3.379726e+02,3.381127e+02,3.382353e+02,3.383422e+02,3.384355e+02,3.385167e+02,3.385875e+02,3.386489e+02,3.387023e+02,3.387486e+02,3.387887e+02,3.388234e+02,3.388534e+02,3.388793e+02,3.389016e+02,3.389209e+02,3.389375e+02,3.389518e+02,3.389640e+02,3.389745e+02,3.389835e+02,3.389913e+02,3.389979e+02,3.390035e+02,3.390083e+02,3.390124e+02,3.390159e+02,3.390189e+02,3.390214e+02,3.390236e+02,3.390254e+02,3.390270e+02,3.390283e+02,3.390294e+02,3.390303e+02,3.390311e+02,3.390318e+02,3.390323e+02,3.390328e+02,3.390332e+02,3.390335e+02,3.390338e+02,3.390340e+02,3.390342e+02,3.390344e+02,3.390345e+02,3.390347e+02,3.390348e+02,3.390348e+02,3.390349e+02,3.390350e+02,3.390350e+02,3.390350e+02,3.390351e+02,3.390351e+02,3.390351e+02,3.390351e+02,3.390352e+02,3.390352e+02,3.390352e+02,3.390352e+02,3.390352e+02,3.390352e+02,3.390352e+02,3.390352e+02,3.390352e+02,3.390352e+02,3.390352e+02,3.390352e+02,3.390352e+02,3.390352e+02,3.390352e+02,3.390352e+02,3.390352e+02,3.390352e+02,3.390352e+02,3.390352e+02,3.390352e+02,3.390352e+02,3.390352e+02,3.390352e+02,3.390352e+02,3.390352e+02,3.390352e+02,3.390352e+02,3.390352e+02,3.390352e+02,3.390352e+02,3.390351e+02,3.390351e+02,3.390350e+02,3.390348e+02,3.390345e+02,3.390340e+02,3.390333e+02,3.390322e+02,3.390305e+02,3.390281e+02,3.390246e+02,3.390196e+02,3.390126e+02,3.390028e+02,3.389895e+02,3.389714e+02,3.389472e+02,3.389150e+02,3.388729e+02,3.388180e+02,3.387472e+02,3.386568e+02,3.385420e+02,3.383976e+02,3.382171e+02,3.379932e+02,3.377173e+02,3.373795e+02,3.369683e+02,3.364710e+02,3.358730e+02,3.351577e+02,3.343067e+02,3.332996e+02,3.321136e+02,3.307239e+02,3.291031e+02,3.272214e+02,3.250468e+02,3.225447e+02,3.196785e+02,3.164092e+02,3.126962e+02,3.084971e+02,3.037686e+02,2.984671e+02,2.925492e+02,2.859726e+02,2.786975e+02,2.706881e+02,2.619135e+02,2.523497e+02,2.419818e+02,2.308051e+02,2.188274e+02,2.060707e+02,1.925718e+02,1.783835e+02,1.635748e+02,1.482294e+02,1.324448e+02,1.163295e+02,1.000000e+02,
0.59,1.119588e+02,1.239321e+02,1.358288e+02,1.475630e+02,1.590559e+02,1.702380e+02,1.810495e+02,1.914415e+02,2.013753e+02,2.108226e+02,2.197642e+02,2.281897e+02,2.360961e+02,2.434868e+02,2.503706e+02,2.567608e+02,2.626744e+02,2.681307e+02,2.731514e+02,2.777593e+02,2.819780e+02,2.858315e+02,2.893438e+02,2.925385e+02,2.954385e+02,2.980661e+02,3.004426e+02,3.025883e+02,3.045224e+02,3.062628e+02,3.078267e+02,3.092297e+02,3.104866e+02,3.116110e+02,3.126155e+02,3.135116e+02,3.143099e+02,3.150202e+02,3.156514e+02,3.162116e+02,3.167081e+02,3.171476e+02,3.175362e+02,3.178794e+02,3.181821e+02,3.184488e+02,3.186835e+02,3.188898e+02,3.190709e+02,3.192297e+02,3.193688e+02,3.194905e+02,3.195969e+02,3.196898e+02,3.197707e+02,3.198412e+02,3.199026e+02,3.199559e+02,3.200022e+02,3.200424e+02,3.200772e+02,3.201073e+02,3.201333e+02,3.201558e+02,3.201751e+02,3.201918e+02,3.202062e+02,3.202185e+02,3.202292e+02,3.202383e+02,3.202461e+02,3.202527e+02,3.202585e+02,3.202633e+02,3.202675e+02,3.202710e+02,3.202741e+02,3.202766e+02,3.202788e+02,3.202807e+02,3.202823e+02,3.202836e+02,3.202847e+02,3.202857e+02,3.202865e+02,3.202872e+02,3.202878e+02,3.202882e+02,3.202886e+02,3.202890e+02,3.202893e+02,3.202895e+02,3.202897e+02,3.202899e+02,3.202900e+02,3.202901e+02,3.202902e+02,3.202903e+02,3.202904e+02,3.202905e+02,3.202905e+02,3.202905e+02,3.202906e+02,3.202906e+02,3.202906e+02,3.202906e+02,3.202907e+02,3.202907e+02,3.202907e+02,3.202907e+02,3.202907e+02,3.202907e+02,3.202907e+02,3.202907e+02,3.202907e+02,3.202907e+02,3.202907e+02,3.202907e+02,3.202907e+02,3.202907e+02,3.202907e+02,3.202907e+02,3.202907e+02,3.202907e+02,3.202907e+02,3.202907e+02,3.202907e+02,3.202907e+02,3.202907e+02,3.202907e+02,3.202907e+02,3.202907e+02,3.202907e+02,3.202907e+02,3.202907e+02,3.202907e+02,3.202907e+02,3.202906e+02,3.202906e+02,3.202905e+02,3.202903e+02,3.202900e+02,3.202895e+02,3.202888e+02,3.202876e+02,3.202860e+02,3.202835e+02,3.202800e+02,3.202749e+02,3.202679e+02,3.202582e+02,3.202448e+02,3.202269e+02,3.202028e+02,3.201710e+02,3.201293e+02,3.200752e+02,3.200055e+02,3.199165e+02,3.198039e+02,3.196624e+02,3.194859e+02,3.192673e+02,3.189983e+02,3.186694e+02,3.182699e+02,3.177874e+02,3.172080e+02,3.165162e+02,3.156946e+02,3.147239e+02,3.135828e+02,3.122480e+02,3.106941e+02,3.088936e+02,3.068169e+02,3.044324e+02,3.017066e+02,2.986045e+02,2.950893e+02,2.911235e+02,2.866688e+02,2.816871e+02,2.761409e+02,2.699942e+02,2.632138e+02,2.557701e+02,2.476386e+02,2.388013e+02,2.292480e+02,2.189779e+02,2.080010e+02,1.963389e+02,1.840261e+02,1.711103e+02,1.576520e+02,1.437239e+02,1.294097e+02,1.148021e+02,1.000000e+02,
0.595,1.107044e+02,1.214338e+02,1.321103e+02,1.426598e+02,1.530140e+02,1.631116e+02,1.728994e+02,1.823327e+02,1.913754e+02,2.000001e+02,2.081872e+02,2.159245e+02,2.232066e+02,2.300337e+02,2.364110e+02,2.423480e+02,2.478575e+02,2.529549e+02,2.576579e+02,2.619853e+02,2.659573e+02,2.695944e+02,2.729173e+02,2.759466e+02,2.787026e+02,2.812051e+02,2.834732e+02,2.855251e+02,2.873783e+02,2.890491e+02,2.905531e+02,2.919048e+02,2.931178e+02,2.942047e+02,2.951772e+02,2.960461e+02,2.968215e+02,2.975123e+02,2.981270e+02,2.986734e+02,2.991583e+02,2.995881e+02,2.999686e+02,3.003051e+02,3.006022e+02,3.008643e+02,3.010952e+02,3.012984e+02,3.014770e+02,3.016337e+02,3.017712e+02,3.018916e+02,3.019969e+02,3.020890e+02,3.021693e+02,3.022394e+02,3.023004e+02,3.023535e+02,3.023996e+02,3.024396e+02,3.024743e+02,3.025044e+02,3.025304e+02,3.025529e+02,3.025723e+02,3.025890e+02,3.026034e+02,3.026158e+02,3.026265e+02,3.026356e+02,3.026435e+02,3.026502e+02,3.026560e+02,3.026609e+02,3.026651e+02,3.026687e+02,3.026718e+02,3.026744e+02,3.026766e+02,3.026785e+02,3.026801e+02,3.026814e+02,3.026826e+02,3.026835e+02,3.026844e+02,3.026851e+02,3.026856e+02,3.026861e+02,3.026866e+02,3.026869e+02,3.026872e+02,3.026874e+02,3.026877e+02,3.026878e+02,3.026880e+02,3.026881e+02,3.026882e+02,3.026883e+02,3.026884e+02,3.026884e+02,3.026885e+02,3.026885e+02,3.026885e+02,3.026886e+02,3.026886e+02,3.026886e+02,3.026886e+02,3.026886e+02,3.026886e+02,3.026887e+02,3.026887e+02,3.026887e+02,3.026887e+02,3.026887e+02,3.026887e+02,3.026887e+02,3.026887e+02,3.026887e+02,3.026887e+02,3.026887e+02,3.026887e+02,3.026887e+02,3.026887e+02,3.026887e+02,3.026887e+02,3.026887e+02,3.026887e+02,3.026887e+02,3.026887e+02,3.026887e+02,3.026887e+02,3.026887e+02,3.026887e+02,3.026887e+02,3.026887e+02,3.026887e+02,3.026886e+02,3.026886e+02,3.026885e+02,3.026884e+02,3.026882e+02,3.026879e+02,3.026874e+02,3.026867e+02,3.026855e+02,3.026839e+02,3.026814e+02,3.026779e+02,3.026728e+02,3.026658e+02,3.026562e+02,3.026430e+02,3.026252e+02,3.026015e+02,3.025702e+02,3.025292e+02,3.024762e+02,3.024080e+02,3.023211e+02,3.022112e+02,3.020734e+02,3.019018e+02,3.016896e+02,3.014288e+02,3.011106e+02,3.007245e+02,3.002590e+02,2.997009e+02,2.990356e+02,2.982467e+02,2.973161e+02,2.962241e+02,2.949488e+02,2.934669e+02,2.917530e+02,2.897799e+02,2.875187e+02,2.849392e+02,2.820095e+02,2.786971e+02,2.749684e+02,2.707898e+02,2.661279e+02,2.609505e+02,2.552269e+02,2.489292e+02,2.420333e+02,2.345197e+02,2.263748e+02,2.175921e+02,2.081734e+02,1.981295e+02,1.874816e+02,1.762614e+02,1.645115e+02,1.522850e+02,1.396451e+02,1.266640e+02,1.134208e+02,1.000000e+02,
0.6,1.095768e+02,1.191865e+02,1.287619e+02,1.382393e+02,1.475590e+02,1.566674e+02,1.655168e+02,1.740668e+02,1.822841e+02,1.901425e+02,1.976226e+02,2.047113e+02,2.114014e+02,2.176908e+02,2.235821e+02,2.290814e+02,2.341983e+02,2.389449e+02,2.433353e+02,2.473853e+02,2.511117e+02,2.545320e+02,2.576639e+02,2.605256e+02,2.631348e+02,2.655089e+02,2.676650e+02,2.696195e+02,2.713880e+02,2.729855e+02,2.744261e+02,2.757230e+02,2.768889e+02,2.779352e+02,2.788730e+02,2.797121e+02,2.804620e+02,2.811311e+02,2.817274e+02,2.822580e+02,2.827296e+02,2.831482e+02,2.835193e+02,2.838478e+02,2.841382e+02,2.843947e+02,2.846210e+02,2.848203e+02,2.849956e+02,2.851498e+02,2.852851e+02,2.854037e+02,2.855076e+02,2.855985e+02,2.856778e+02,2.857471e+02,2.858076e+02,2.858602e+02,2.859059e+02,2.859457e+02,2.859802e+02,2.860101e+02,2.860360e+02,2.860584e+02,2.860777e+02,2.860944e+02,2.861088e+02,2.861212e+02,2.861319e+02,2.861411e+02,2.861490e+02,2.861557e+02,2.861615e+02,2.861664e+02,2.861707e+02,2.861743e+02,2.861774e+02,2.861800e+02,2.861822e+02,2.861841e+02,2.861858e+02,2.861871e+02,2.861883e+02,2.861893e+02,2.861901e+02,2.861908e+02,2.861914e+02,2.861919e+02,2.861923e+02,2.861927e+02,2.861930e+02,2.861932e+02,2.861934e+02,2.861936e+02,2.861938e+02,2.861939e+02,2.861940e+02,2.861941e+02,2.861942e+02,2.861942e+02,2.861943e+02,2.861943e+02,2.861943e+02,2.861944e+02,2.861944e+02,2.861944e+02,2.861944e+02,2.861945e+02,2.861945e+02,2.861945e+02,2.861945e+02,2.861945e+02,2.861945e+02,2.861945e+02,2.861945e+02,2.861945e+02,2.861945e+02,2.861945e+02,2.861945e+02,2.861945e+02,2.861945e+02,2.861945e+02,2.861945e+02,2.861945e+02,2.861945e+02,2.861945e+02,2.861945e+02,2.861945e+02,2.861945e+02,2.861945e+02,2.861945e+02,2.861945e+02,2.861945e+02,2.861945e+02,2.861945e+02,2.861945e+02,2.861945e+02,2.861944e+02,2.861944e+02,2.861942e+02,2.861940e+02,2.861937e+02,2.861932e+02,2.861925e+02,2.861913e+02,2.861896e+02,2.861872e+02,2.861837e+02,2.861787e+02,2.861718e+02,2.861623e+02,2.861493e+02,2.861318e+02,2.861086e+02,2.860780e+02,2.860380e+02,2.859862e+02,2.859199e+02,2.858355e+02,2.857290e+02,2.855955e+02,2.854296e+02,2.852247e+02,2.849733e+02,2.846670e+02,2.842960e+02,2.838493e+02,2.833145e+02,2.826780e+02,2.819244e+02,2.810369e+02,2.799971e+02,2.787849e+02,2.773785e+02,2.757549e+02,2.738890e+02,2.717548e+02,2.693247e+02,2.665703e+02,2.634622e+02,2.599709e+02,2.560668e+02,2.517208e+02,2.469051e+02,2.415935e+02,2.357628e+02,2.293931e+02,2.224688e+02,2.149799e+02,2.069225e+02,1.983001e+02,1.891239e+02,1.794139e+02,1.691989e+02,1.585168e+02,1.474144e+02,1.359467e+02,1.241756e+02,1.121693e+02,1.000000e+02,
0.605,1.085626e+02,1.171636e+02,1.257454e+02,1.342525e+02,1.426332e+02,1.508399e+02,1.588306e+02,1.665686e+02,1.740234e+02,1.811704e+02,1.879906e+02,1.944707e+02,2.006024e+02,2.063818e+02,2.118094e+02,2.168889e+02,2.216272e+02,2.260336e+02,2.301194e+02,2.338974e+02,2.373817e+02,2.405870e+02,2.435287e+02,2.462224e+02,2.486836e+02,2.509277e+02,2.529698e+02,2.548245e+02,2.565058e+02,2.580274e+02,2.594019e+02,2.606415e+02,2.617577e+02,2.627611e+02,2.636618e+02,2.644690e+02,2.651914e+02,2.658369e+02,2.664130e+02,2.669264e+02,2.673833e+02,2.677893e+02,2.681497e+02,2.684692e+02,2.687520e+02,2.690020e+02,2.692228e+02,2.694176e+02,2.695891e+02,2.697401e+02,2.698727e+02,2.699891e+02,2.700912e+02,2.701805e+02,2.702587e+02,2.703270e+02,2.703866e+02,2.704385e+02,2.704837e+02,2.705230e+02,2.705572e+02,2.705868e+02,2.706125e+02,2.706348e+02,2.706540e+02,2.706706e+02,2.706849e+02,2.706973e+02,2.707079e+02,2.707171e+02,2.707250e+02,2.707317e+02,2.707375e+02,2.707425e+02,2.707467e+02,2.707503e+02,2.707534e+02,2.707561e+02,2.707583e+02,2.707602e+02,2.707619e+02,2.707632e+02,2.707644e+02,2.707654e+02,2.707662e+02,2.707670e+02,2.707676e+02,2.707681e+02,2.707685e+02,2.707689e+02,2.707692e+02,2.707694e+02,2.707696e+02,2.707698e+02,2.707700e+02,2.707701e+02,2.707702e+02,2.707703e+02,2.707704e+02,2.707704e+02,2.707705e+02,2.707705e+02,2.707705e+02,2.707706e+02,2.707706e+02,2.707706e+02,2.707706e+02,2.707707e+02,2.707707e+02,2.707707e+02,2.707707e+02,2.707707e+02,2.707707e+02,2.707707e+02,2.707707e+02,2.707707e+02,2.707707e+02,2.707707e+02,2.707707e+02,2.707707e+02,2.707707e+02,2.707707e+02,2.707707e+02,2.707707e+02,2.707707e+02,2.707707e+02,2.707707e+02,2.707707e+02,2.707707e+02,2.707707e+02,2.707707e+02,2.707707e+02,2.707707e+02,2.707707e+02,2.707707e+02,2.707707e+02,2.707707e+02,2.707706e+02,2.707706e+02,2.707704e+02,2.707702e+02,2.707699e+02,2.707694e+02,2.707687e+02,2.707675e+02,2.707659e+02,2.707634e+02,2.707600e+02,2.707551e+02,2.707483e+02,2.707389e+02,2.707262e+02,2.707092e+02,2.706866e+02,2.706568e+02,2.706180e+02,2.705678e+02,2.705036e+02,2.704221e+02,2.703193e+02,2.701908e+02,2.700312e+02,2.698344e+02,2.695934e+02,2.693001e+02,2.689453e+02,2.685188e+02,2.680090e+02,2.674030e+02,2.666867e+02,2.658444e+02,2.648590e+02,2.637120e+02,2.623836e+02,2.608524e+02,2.590958e+02,2.570901e+02,2.548105e+02,2.522314e+02,2.493268e+02,2.460704e+02,2.424362e+02,2.383989e+02,2.339345e+02,2.290208e+02,2.236382e+02,2.177703e+02,2.114048e+02,2.045343e+02,1.971568e+02,1.892767e+02,1.809053e+02,1.720610e+02,1.627699e+02,1.530657e+02,1.429894e+02,1.325887e+02,1.219173e+02,1.110337e+02,1.000000e+02,
0.61,1.076501e+02,1.153425e+02,1.230274e+02,1.306568e+02,1.381853e+02,1.455713e+02,1.527772e+02,1.597702e+02,1.665224e+02,1.730108e+02,1.792174e+02,1.851287e+02,1.907359e+02,1.960340e+02,2.010218e+02,2.057012e+02,2.100768e+02,2.141556e+02,2.179465e+02,2.214599e+02,2.247075e+02,2.277018e+02,2.304557e+02,2.329827e+02,2.352964e+02,2.374102e+02,2.393375e+02,2.410912e+02,2.426840e+02,2.441280e+02,2.454347e+02,2.466152e+02,2.476799e+02,2.486385e+02,2.495003e+02,2.502739e+02,2.509673e+02,2.515877e+02,2.521422e+02,2.526370e+02,2.530780e+02,2.534704e+02,2.538191e+02,2.541286e+02,2.544030e+02,2.546458e+02,2.548605e+02,2.550501e+02,2.552173e+02,2.553645e+02,2.554940e+02,2.556079e+02,2.557077e+02,2.557953e+02,2.558720e+02,2.559390e+02,2.559975e+02,2.560486e+02,2.560931e+02,2.561319e+02,2.561656e+02,2.561949e+02,2.562202e+02,2.562422e+02,2.562613e+02,2.562777e+02,2.562920e+02,2.563042e+02,2.563148e+02,2.563239e+02,2.563317e+02,2.563385e+02,2.563442e+02,2.563492e+02,2.563534e+02,2.563570e+02,2.563601e+02,2.563628e+02,2.563650e+02,2.563669e+02,2.563686e+02,2.563700e+02,2.563711e+02,2.563721e+02,2.563730e+02,2.563737e+02,2.563743e+02,2.563748e+02,2.563753e+02,2.563756e+02,2.563759e+02,2.563762e+02,2.563764e+02,2.563766e+02,2.563768e+02,2.563769e+02,2.563770e+02,2.563771e+02,2.563772e+02,2.563772e+02,2.563773e+02,2.563773e+02,2.563773e+02,2.563774e+02,2.563774e+02,2.563774e+02,2.563774e+02,2.563775e+02,2.563775e+02,2.563775e+02,2.563775e+02,2.563775e+02,2.563775e+02,2.563775e+02,2.563775e+02,2.563775e+02,2.563775e+02,2.563775e+02,2.563775e+02,2.563775e+02,2.563775e+02,2.563775e+02,2.563775e+02,2.563775e+02,2.563775e+02,2.563775e+02,2.563775e+02,2.563775e+02,2.563775e+02,2.563775e+02,2.563775e+02,2.563775e+02,2.563775e+02,2.563775e+02,2.563775e+02,2.563775e+02,2.563775e+02,2.563774e+02,2.563774e+02,2.563772e+02,2.563770e+02,2.563767e+02,2.563762e+02,2.563755e+02,2.563743e+02,2.563727e+02,2.563703e+02,2.563669e+02,2.563621e+02,2.563555e+02,2.563464e+02,2.563340e+02,2.563175e+02,2.562956e+02,2.562667e+02,2.562293e+02,2.561809e+02,2.561191e+02,2.560408e+02,2.559422e+02,2.558190e+02,2.556663e+02,2.554783e+02,2.552484e+02,2.549689e+02,2.546313e+02,2.542260e+02,2.537423e+02,2.531681e+02,2.524903e+02,2.516945e+02,2.507649e+02,2.496845e+02,2.484351e+02,2.469973e+02,2.453505e+02,2.434732e+02,2.413432e+02,2.389376e+02,2.362331e+02,2.332067e+02,2.298353e+02,2.260971e+02,2.219713e+02,2.174388e+02,2.124834e+02,2.070914e+02,2.012530e+02,1.949629e+02,1.882203e+02,1.810303e+02,1.734035e+02,1.653571e+02,1.569145e+02,1.481054e+02,1.389657e+02,1.295370e+02,1.198657e+02,1.100022e+02,1.000000e+02,
0.615,1.068290e+02,1.137030e+02,1.205786e+02,1.274142e+02,1.341701e+02,1.408097e+02,1.472996e+02,1.536103e+02,1.597165e+02,1.655969e+02,1.712345e+02,1.766163e+02,1.817329e+02,1.865788e+02,1.911515e+02,1.954514e+02,1.994815e+02,2.032468e+02,2.067542e+02,2.100121e+02,2.130300e+02,2.158185e+02,2.183885e+02,2.207517e+02,2.229196e+02,2.249042e+02,2.267170e+02,2.283697e+02,2.298735e+02,2.312391e+02,2.324771e+02,2.335973e+02,2.346093e+02,2.355220e+02,2.363437e+02,2.370824e+02,2.377455e+02,2.383397e+02,2.388715e+02,2.393467e+02,2.397708e+02,2.401486e+02,2.404848e+02,2.407836e+02,2.410488e+02,2.412838e+02,2.414918e+02,2.416756e+02,2.418380e+02,2.419811e+02,2.421072e+02,2.422181e+02,2.423155e+02,2.424009e+02,2.424759e+02,2.425414e+02,2.425988e+02,2.426488e+02,2.426925e+02,2.427306e+02,2.427637e+02,2.427925e+02,2.428175e+02,2.428392e+02,2.428579e+02,2.428742e+02,2.428882e+02,2.429004e+02,2.429109e+02,2.429199e+02,2.429276e+02,2.429343e+02,2.429400e+02,2.429450e+02,2.429492e+02,2.429528e+02,2.429559e+02,2.429585e+02,2.429607e+02,2.429627e+02,2.429643e+02,2.429657e+02,2.429669e+02,2.429679e+02,2.429687e+02,2.429694e+02,2.429701e+02,2.429706e+02,2.429710e+02,2.429714e+02,2.429717e+02,2.429719e+02,2.429722e+02,2.429723e+02,2.429725e+02,2.429726e+02,2.429727e+02,2.429728e+02,2.429729e+02,2.429730e+02,2.429730e+02,2.429731e+02,2.429731e+02,2.429731e+02,2.429732e+02,2.429732e+02,2.429732e+02,2.429732e+02,2.429732e+02,2.429732e+02,2.429732e+02,2.429733e+02,2.429733e+02,2.429733e+02,2.429733e+02,2.429733e+02,2.429733e+02,2.429733e+02,2.429733e+02,2.429733e+02,2.429733e+02,2.429733e+02,2.429733e+02,2.429733e+02,2.429733e+02,2.429733e+02,2.429733e+02,2.429733e+02,2.429733e+02,2.429733e+02,2.429733e+02,2.429733e+02,2.429733e+02,2.429733e+02,2.429733e+02,2.429733e+02,2.429732e+02,2.429732e+02,2.429731e+02,2.429730e+02,2.429728e+02,2.429725e+02,2.429720e+02,2.429712e+02,2.429701e+02,2.429685e+02,2.429662e+02,2.429629e+02,2.429582e+02,2.429518e+02,2.429429e+02,2.429310e+02,2.429150e+02,2.428939e+02,2.428662e+02,2.428302e+02,2.427838e+02,2.427247e+02,2.426497e+02,2.425556e+02,2.424382e+02,2.422928e+02,2.421140e+02,2.418956e+02,2.416305e+02,2.413108e+02,2.409275e+02,2.404705e+02,2.399289e+02,2.392904e+02,2.385418e+02,2.376685e+02,2.366550e+02,2.354848e+02,2.341400e+02,2.326022e+02,2.308519e+02,2.288691e+02,2.266333e+02,2.241241e+02,2.213207e+02,2.182033e+02,2.147526e+02,2.109506e+02,2.067813e+02,2.022307e+02,1.972876e+02,1.919443e+02,1.861967e+02,1.800452e+02,1.734949e+02,1.665560e+02,1.592439e+02,1.515796e+02,1.435894e+02,1.353047e+02,1.267615e+02,1.180003e+02,1.090644e+02,1.000000e+02,
0.62,1.060905e+02,1.122273e+02,1.183730e+02,1.244912e+02,1.305472e+02,1.365086e+02,1.423460e+02,1.480330e+02,1.535465e+02,1.588671e+02,1.639788e+02,1.688690e+02,1.735285e+02,1.779512e+02,1.821338e+02,1.860756e+02,1.897781e+02,1.932450e+02,1.964815e+02,1.994941e+02,2.022907e+02,2.048800e+02,2.072714e+02,2.094745e+02,2.114997e+02,2.133570e+02,2.150568e+02,2.166093e+02,2.180243e+02,2.193117e+02,2.204806e+02,2.215401e+02,2.224988e+02,2.233647e+02,2.241456e+02,2.248487e+02,2.254806e+02,2.260478e+02,2.265560e+02,2.270108e+02,2.274172e+02,2.277798e+02,2.281028e+02,2.283902e+02,2.286456e+02,2.288722e+02,2.290731e+02,2.292508e+02,2.294079e+02,2.295465e+02,2.296688e+02,2.297764e+02,2.298711e+02,2.299543e+02,2.300272e+02,2.300911e+02,2.301471e+02,2.301960e+02,2.302387e+02,2.302759e+02,2.303084e+02,2.303366e+02,2.303612e+02,2.303825e+02,2.304009e+02,2.304169e+02,2.304308e+02,2.304427e+02,2.304531e+02,2.304620e+02,2.304696e+02,2.304762e+02,2.304819e+02,2.304868e+02,2.304910e+02,2.304945e+02,2.304976e+02,2.305002e+02,2.305025e+02,2.305044e+02,2.305060e+02,2.305074e+02,2.305086e+02,2.305096e+02,2.305104e+02,2.305111e+02,2.305118e+02,2.305123e+02,2.305127e+02,2.305131e+02,2.305134e+02,2.305136e+02,2.305139e+02,2.305141e+02,2.305142e+02,2.305143e+02,2.305145e+02,2.305145e+02,2.305146e+02,2.305147e+02,2.305147e+02,2.305148e+02,2.305148e+02,2.305149e+02,2.305149e+02,2.305149e+02,2.305149e+02,2.305149e+02,2.305149e+02,2.305150e+02,2.305150e+02,2.305150e+02,2.305150e+02,2.305150e+02,2.305150e+02,2.305150e+02,2.305150e+02,2.305150e+02,2.305150e+02,2.305150e+02,2.305150e+02,2.305150e+02,2.305150e+02,2.305150e+02,2.305150e+02,2.305150e+02,2.305150e+02,2.305150e+02,2.305150e+02,2.305150e+02,2.305150e+02,2.305150e+02,2.305150e+02,2.305150e+02,2.305150e+02,2.305150e+02,2.305149e+02,2.305149e+02,2.305148e+02,2.305147e+02,2.305145e+02,2.305142e+02,2.305137e+02,2.305130e+02,2.305119e+02,2.305103e+02,2.305081e+02,2.305048e+02,2.305003e+02,2.304941e+02,2.304856e+02,2.304741e+02,2.304588e+02,2.304385e+02,2.304120e+02,2.303776e+02,2.303334e+02,2.302770e+02,2.302057e+02,2.301162e+02,2.300047e+02,2.298669e+02,2.296977e+02,2.294912e+02,2.292410e+02,2.289395e+02,2.285785e+02,2.281487e+02,2.276399e+02,2.270410e+02,2.263396e+02,2.255226e+02,2.245757e+02,2.234838e+02,2.222308e+02,2.208001e+02,2.191740e+02,2.173347e+02,2.152639e+02,2.129434e+02,2.103549e+02,2.074810e+02,2.043048e+02,2.008108e+02,1.969853e+02,1.928165e+02,1.882950e+02,1.834147e+02,1.781727e+02,1.725699e+02,1.666113e+02,1.603064e+02,1.536692e+02,1.467183e+02,1.394768e+02,1.319723e+02,1.242362e+02,1.163033e+02,1.082113e+02,1.000000e+02,
0.625,1.054264e+02,1.108998e+02,1.163874e+02,1.218576e+02,1.272800e+02,1.326261e+02,1.378698e+02,1.429875e+02,1.479584e+02,1.527646e+02,1.573914e+02,1.618267e+02,1.660616e+02,1.700897e+02,1.739072e+02,1.775125e+02,1.809061e+02,1.840904e+02,1.870692e+02,1.898477e+02,1.924323e+02,1.948300e+02,1.970487e+02,1.990968e+02,2.009830e+02,2.027161e+02,2.043051e+02,2.057590e+02,2.070864e+02,2.082961e+02,2.093964e+02,2.103953e+02,2.113005e+02,2.121195e+02,2.128591e+02,2.135260e+02,2.141263e+02,2.146659e+02,2.151500e+02,2.155839e+02,2.159720e+02,2.163188e+02,2.166281e+02,2.169037e+02,2.171489e+02,2.173667e+02,2.175599e+02,2.177311e+02,2.178826e+02,2.180165e+02,2.181347e+02,2.182388e+02,2.183305e+02,2.184112e+02,2.184820e+02,2.185441e+02,2.185985e+02,2.186461e+02,2.186877e+02,2.187241e+02,2.187557e+02,2.187833e+02,2.188073e+02,2.188282e+02,2.188463e+02,2.188620e+02,2.188756e+02,2.188873e+02,2.188975e+02,2.189062e+02,2.189138e+02,2.189203e+02,2.189259e+02,2.189307e+02,2.189348e+02,2.189384e+02,2.189414e+02,2.189440e+02,2.189462e+02,2.189481e+02,2.189497e+02,2.189511e+02,2.189523e+02,2.189533e+02,2.189541e+02,2.189549e+02,2.189555e+02,2.189560e+02,2.189564e+02,2.189568e+02,2.189571e+02,2.189574e+02,2.189576e+02,2.189578e+02,2.189579e+02,2.189581e+02,2.189582e+02,2.189583e+02,2.189583e+02,2.189584e+02,2.189585e+02,2.189585e+02,2.189585e+02,2.189586e+02,2.189586e+02,2.189586e+02,2.189586e+02,2.189587e+02,2.189587e+02,2.189587e+02,2.189587e+02,2.189587e+02,2.189587e+02,2.189587e+02,2.189587e+02,2.189587e+02,2.189587e+02,2.189587e+02,2.189587e+02,2.189587e+02,2.189587e+02,2.189587e+02,2.189587e+02,2.189587e+02,2.189587e+02,2.189587e+02,2.189587e+02,2.189587e+02,2.189587e+02,2.189587e+02,2.189587e+02,2.189587e+02,2.189587e+02,2.189587e+02,2.189587e+02,2.189587e+02,2.189587e+02,2.189586e+02,2.189586e+02,2.189584e+02,2.189582e+02,2.189579e+02,2.189575e+02,2.189568e+02,2.189557e+02,2.189542e+02,2.189520e+02,2.189489e+02,2.189445e+02,2.189386e+02,2.189304e+02,2.189194e+02,2.189048e+02,2.188854e+02,2.188602e+02,2.188274e+02,2.187854e+02,2.187319e+02,2.186644e+02,2.185797e+02,2.184744e+02,2.183444e+02,2.181849e+02,2.179906e+02,2.177553e+02,2.174722e+02,2.171336e+02,2.167310e+02,2.162551e+02,2.156954e+02,2.150409e+02,2.142794e+02,2.133980e+02,2.123829e+02,2.112198e+02,2.098933e+02,2.083878e+02,2.066873e+02,2.047755e+02,2.026361e+02,2.002531e+02,1.976112e+02,1.946956e+02,1.914930e+02,1.879914e+02,1.841810e+02,1.800539e+02,1.756052e+02,1.708327e+02,1.657378e+02,1.603253e+02,1.546039e+02,1.485861e+02,1.422885e+02,1.357313e+02,1.289386e+02,1.219377e+02,1.147590e+02,1.074349e+02,1.000000e+02,
0.63,1.048297e+02,1.097061e+02,1.146009e+02,1.194863e+02,1.243358e+02,1.291243e+02,1.338285e+02,1.384275e+02,1.429024e+02,1.472371e+02,1.514179e+02,1.554334e+02,1.592751e+02,1.629365e+02,1.664135e+02,1.697039e+02,1.728073e+02,1.757251e+02,1.784602e+02,1.810163e+02,1.833987e+02,1.856132e+02,1.876662e+02,1.895649e+02,1.913168e+02,1.929293e+02,1.944104e+02,1.957679e+02,1.970095e+02,1.981428e+02,1.991753e+02,2.001142e+02,2.009664e+02,2.017385e+02,2.024369e+02,2.030675e+02,2.036359e+02,2.041476e+02,2.046074e+02,2.050199e+02,2.053894e+02,2.057200e+02,2.060153e+02,2.062787e+02,2.065133e+02,2.067219e+02,2.069073e+02,2.070717e+02,2.072173e+02,2.073462e+02,2.074600e+02,2.075605e+02,2.076490e+02,2.077270e+02,2.077955e+02,2.078556e+02,2.079084e+02,2.079546e+02,2.079950e+02,2.080303e+02,2.080612e+02,2.080880e+02,2.081114e+02,2.081318e+02,2.081495e+02,2.081648e+02,2.081781e+02,2.081896e+02,2.081996e+02,2.082082e+02,2.082156e+02,2.082220e+02,2.082275e+02,2.082322e+02,2.082363e+02,2.082398e+02,2.082428e+02,2.082454e+02,2.082476e+02,2.082494e+02,2.082510e+02,2.082524e+02,2.082536e+02,2.082546e+02,2.082554e+02,2.082561e+02,2.082567e+02,2.082572e+02,2.082577e+02,2.082580e+02,2.082584e+02,2.082586e+02,2.082588e+02,2.082590e+02,2.082592e+02,2.082593e+02,2.082594e+02,2.082595e+02,2.082596e+02,2.082597e+02,2.082597e+02,2.082598e+02,2.082598e+02,2.082598e+02,2.082599e+02,2.082599e+02,2.082599e+02,2.082599e+02,2.082599e+02,2.082599e+02,2.082599e+02,2.082599e+02,2.082600e+02,2.082600e+02,2.082600e+02,2.082600e+02,2.082600e+02,2.082600e+02,2.082600e+02,2.082600e+02,2.082600e+02,2.082600e+02,2.082600e+02,2.082600e+02,2.082600e+02,2.082600e+02,2.082600e+02,2.082600e+02,2.082600e+02,2.082600e+02,2.082600e+02,2.082600e+02,2.082600e+02,2.082600e+02,2.082600e+02,2.082600e+02,2.082599e+02,2.082599e+02,2.082598e+02,2.082597e+02,2.082595e+02,2.082592e+02,2.082587e+02,2.082581e+02,2.082570e+02,2.082556e+02,2.082535e+02,2.082505e+02,2.082463e+02,2.082406e+02,2.082328e+02,2.082224e+02,2.082084e+02,2.081901e+02,2.081661e+02,2.081351e+02,2.080954e+02,2.080449e+02,2.079812e+02,2.079015e+02,2.078024e+02,2.076802e+02,2.075305e+02,2.073484e+02,2.071281e+02,2.068633e+02,2.065470e+02,2.061714e+02,2.057278e+02,2.052068e+02,2.045983e+02,2.038911e+02,2.030737e+02,2.021334e+02,2.010572e+02,1.998315e+02,1.984422e+02,1.968749e+02,1.951152e+02,1.931486e+02,1.909610e+02,1.885389e+02,1.858694e+02,1.829410e+02,1.797433e+02,1.762680e+02,1.725084e+02,1.684606e+02,1.641231e+02,1.594973e+02,1.545878e+02,1.494025e+02,1.439525e+02,1.382524e+02,1.323202e+02,1.261767e+02,1.198456e+02,1.133534e+02,1.067283e+02,1.000000e+02,
0.635,1.042939e+02,1.086337e+02,1.129948e+02,1.173530e+02,1.216849e+02,1.259685e+02,1.301832e+02,1.343103e+02,1.383328e+02,1.422362e+02,1.460077e+02,1.496369e+02,1.531155e+02,1.564373e+02,1.595977e+02,1.625943e+02,1.654262e+02,1.680939e+02,1.705992e+02,1.729452e+02,1.751358e+02,1.771758e+02,1.790707e+02,1.808262e+02,1.824489e+02,1.839452e+02,1.853219e+02,1.865859e+02,1.877438e+02,1.888025e+02,1.897686e+02,1.906485e+02,1.914483e+02,1.921741e+02,1.928316e+02,1.934261e+02,1.939628e+02,1.944465e+02,1.948817e+02,1.952728e+02,1.956236e+02,1.959377e+02,1.962187e+02,1.964697e+02,1.966935e+02,1.968928e+02,1.970700e+02,1.972274e+02,1.973669e+02,1.974906e+02,1.975999e+02,1.976965e+02,1.977817e+02,1.978568e+02,1.979229e+02,1.979810e+02,1.980320e+02,1.980767e+02,1.981158e+02,1.981500e+02,1.981800e+02,1.982061e+02,1.982288e+02,1.982486e+02,1.982658e+02,1.982808e+02,1.982937e+02,1.983050e+02,1.983147e+02,1.983231e+02,1.983304e+02,1.983367e+02,1.983421e+02,1.983467e+02,1.983507e+02,1.983542e+02,1.983571e+02,1.983596e+02,1.983618e+02,1.983636e+02,1.983652e+02,1.983666e+02,1.983677e+02,1.983687e+02,1.983695e+02,1.983702e+02,1.983708e+02,1.983714e+02,1.983718e+02,1.983722e+02,1.983725e+02,1.983727e+02,1.983729e+02,1.983731e+02,1.983733e+02,1.983734e+02,1.983735e+02,1.983736e+02,1.983737e+02,1.983738e+02,1.983738e+02,1.983739e+02,1.983739e+02,1.983739e+02,1.983740e+02,1.983740e+02,1.983740e+02,1.983740e+02,1.983740e+02,1.983740e+02,1.983741e+02,1.983741e+02,1.983741e+02,1.983741e+02,1.983741e+02,1.983741e+02,1.983741e+02,1.983741e+02,1.983741e+02,1.983741e+02,1.983741e+02,1.983741e+02,1.983741e+02,1.983741e+02,1.983741e+02,1.983741e+02,1.983741e+02,1.983741e+02,1.983741e+02,1.983741e+02,1.983741e+02,1.983741e+02,1.983741e+02,1.983741e+02,1.983741e+02,1.983741e+02,1.983740e+02,1.983740e+02,1.983739e+02,1.983738e+02,1.983736e+02,1.983733e+02,1.983729e+02,1.983722e+02,1.983713e+02,1.983698e+02,1.983678e+02,1.983650e+02,1.983610e+02,1.983556e+02,1.983482e+02,1.983383e+02,1.983251e+02,1.983077e+02,1.982851e+02,1.982559e+02,1.982185e+02,1.981710e+02,1.981112e+02,1.980364e+02,1.979436e+02,1.978293e+02,1.976893e+02,1.975192e+02,1.973138e+02,1.970671e+02,1.967728e+02,1.964236e+02,1.960118e+02,1.955286e+02,1.949648e+02,1.943104e+02,1.935548e+02,1.926867e+02,1.916942e+02,1.905652e+02,1.892871e+02,1.878469e+02,1.862319e+02,1.844292e+02,1.824263e+02,1.802114e+02,1.777732e+02,1.751017e+02,1.721880e+02,1.690248e+02,1.656066e+02,1.619302e+02,1.579945e+02,1.538009e+02,1.493539e+02,1.446603e+02,1.397301e+02,1.345762e+02,1.292143e+02,1.236625e+02,1.179415e+02,1.120742e+02,1.060851e+02,1.000000e+02,
0.64,1.038131e+02,1.076710e+02,1.115522e+02,1.154354e+02,1.193003e+02,1.231274e+02,1.268986e+02,1.305970e+02,1.342076e+02,1.377171e+02,1.411140e+02,1.443885e+02,1.475327e+02,1.505406e+02,1.534078e+02,1.561314e+02,1.587100e+02,1.611437e+02,1.634335e+02,1.655816e+02,1.675911e+02,1.694659e+02,1.712104e+02,1.728295e+02,1.743287e+02,1.757135e+02,1.769897e+02,1.781634e+02,1.792404e+02,1.802267e+02,1.811281e+02,1.819503e+02,1.826989e+02,1.833792e+02,1.839963e+02,1.845552e+02,1.850604e+02,1.855164e+02,1.859272e+02,1.862968e+02,1.866288e+02,1.869265e+02,1.871931e+02,1.874315e+02,1.876443e+02,1.878341e+02,1.880030e+02,1.881532e+02,1.882866e+02,1.884048e+02,1.885095e+02,1.886021e+02,1.886839e+02,1.887561e+02,1.888196e+02,1.888755e+02,1.889246e+02,1.889677e+02,1.890055e+02,1.890386e+02,1.890675e+02,1.890928e+02,1.891149e+02,1.891341e+02,1.891508e+02,1.891653e+02,1.891779e+02,1.891889e+02,1.891984e+02,1.892066e+02,1.892137e+02,1.892198e+02,1.892251e+02,1.892296e+02,1.892335e+02,1.892369e+02,1.892398e+02,1.892423e+02,1.892444e+02,1.892462e+02,1.892478e+02,1.892491e+02,1.892502e+02,1.892512e+02,1.892520e+02,1.892527e+02,1.892533e+02,1.892538e+02,1.892543e+02,1.892546e+02,1.892549e+02,1.892552e+02,1.892554e+02,1.892556e+02,1.892558e+02,1.892559e+02,1.892560e+02,1.892561e+02,1.892562e+02,1.892562e+02,1.892563e+02,1.892563e+02,1.892564e+02,1.892564e+02,1.892564e+02,1.892565e+02,1.892565e+02,1.892565e+02,1.892565e+02,1.892565e+02,1.892565e+02,1.892565e+02,1.892565e+02,1.892565e+02,1.892565e+02,1.892565e+02,1.892565e+02,1.892566e+02,1.892566e+02,1.892566e+02,1.892566e+02,1.892566e+02,1.892566e+02,1.892566e+02,1.892566e+02,1.892566e+02,1.892566e+02,1.892566e+02,1.892566e+02,1.892566e+02,1.892566e+02,1.892566e+02,1.892566e+02,1.892566e+02,1.892565e+02,1.892565e+02,1.892565e+02,1.892565e+02,1.892564e+02,1.892563e+02,1.892561e+02,1.892558e+02,1.892554e+02,1.892548e+02,1.892538e+02,1.892525e+02,1.892506e+02,1.892479e+02,1.892441e+02,1.892389e+02,1.892320e+02,1.892226e+02,1.892102e+02,1.891938e+02,1.891726e+02,1.891452e+02,1.891101e+02,1.890656e+02,1.890097e+02,1.889398e+02,1.888532e+02,1.887467e+02,1.886164e+02,1.884582e+02,1.882673e+02,1.880383e+02,1.877654e+02,1.874420e+02,1.870609e+02,1.866143e+02,1.860938e+02,1.854902e+02,1.847940e+02,1.839951e+02,1.830827e+02,1.820460e+02,1.808735e+02,1.795540e+02,1.780758e+02,1.764277e+02,1.745987e+02,1.725782e+02,1.703565e+02,1.679247e+02,1.652753e+02,1.624019e+02,1.592999e+02,1.559665e+02,1.524011e+02,1.486051e+02,1.445823e+02,1.403391e+02,1.358843e+02,1.312291e+02,1.263871e+02,1.213743e+02,1.162087e+02,1.109101e+02,1.054997e+02,1.000000e+02,
0.645,1.033822e+02,1.068077e+02,1.102576e+02,1.137135e+02,1.171575e+02,1.205724e+02,1.239421e+02,1.272518e+02,1.304880e+02,1.336386e+02,1.366932e+02,1.396427e+02,1.424797e+02,1.451986e+02,1.477948e+02,1.502654e+02,1.526087e+02,1.548242e+02,1.569125e+02,1.588751e+02,1.607143e+02,1.624332e+02,1.640354e+02,1.655251e+02,1.669067e+02,1.681850e+02,1.693652e+02,1.704522e+02,1.714513e+02,1.723676e+02,1.732064e+02,1.739727e+02,1.746714e+02,1.753073e+02,1.758850e+02,1.764088e+02,1.768830e+02,1.773116e+02,1.776983e+02,1.780466e+02,1.783599e+02,1.786412e+02,1.788934e+02,1.791192e+02,1.793210e+02,1.795012e+02,1.796618e+02,1.798048e+02,1.799318e+02,1.800446e+02,1.801446e+02,1.802331e+02,1.803113e+02,1.803804e+02,1.804414e+02,1.804950e+02,1.805422e+02,1.805837e+02,1.806201e+02,1.806519e+02,1.806798e+02,1.807042e+02,1.807255e+02,1.807441e+02,1.807603e+02,1.807744e+02,1.807866e+02,1.807972e+02,1.808065e+02,1.808144e+02,1.808213e+02,1.808273e+02,1.808325e+02,1.808369e+02,1.808407e+02,1.808440e+02,1.808468e+02,1.808493e+02,1.808514e+02,1.808531e+02,1.808547e+02,1.808560e+02,1.808571e+02,1.808580e+02,1.808589e+02,1.808595e+02,1.808601e+02,1.808606e+02,1.808610e+02,1.808614e+02,1.808617e+02,1.808620e+02,1.808622e+02,1.808624e+02,1.808625e+02,1.808627e+02,1.808628e+02,1.808629e+02,1.808629e+02,1.808630e+02,1.808631e+02,1.808631e+02,1.808631e+02,1.808632e+02,1.808632e+02,1.808632e+02,1.808632e+02,1.808633e+02,1.808633e+02,1.808633e+02,1.808633e+02,1.808633e+02,1.808633e+02,1.808633e+02,1.808633e+02,1.808633e+02,1.808633e+02,1.808633e+02,1.808633e+02,1.808633e+02,1.808633e+02,1.808633e+02,1.808633e+02,1.808633e+02,1.808633e+02,1.808633e+02,1.808633e+02,1.808633e+02,1.808633e+02,1.808633e+02,1.808633e+02,1.808633e+02,1.808633e+02,1.808633e+02,1.808633e+02,1.808633e+02,1.808633e+02,1.808632e+02,1.808632e+02,1.808631e+02,1.808629e+02,1.808626e+02,1.808622e+02,1.808616e+02,1.808607e+02,1.808594e+02,1.808576e+02,1.808551e+02,1.808515e+02,1.808467e+02,1.808401e+02,1.808313e+02,1.808196e+02,1.808043e+02,1.807844e+02,1.807588e+02,1.807261e+02,1.806846e+02,1.806325e+02,1.805675e+02,1.804870e+02,1.803880e+02,1.802671e+02,1.801205e+02,1.799438e+02,1.797320e+02,1.794799e+02,1.791814e+02,1.788300e+02,1.784185e+02,1.779395e+02,1.773846e+02,1.767452e+02,1.760121e+02,1.751759e+02,1.742266e+02,1.731542e+02,1.719484e+02,1.705990e+02,1.690961e+02,1.674299e+02,1.655911e+02,1.635711e+02,1.613624e+02,1.589581e+02,1.563529e+02,1.535428e+02,1.505256e+02,1.473007e+02,1.438694e+02,1.402354e+02,1.364042e+02,1.323834e+02,1.281830e+02,1.238148e+02,1.192928e+02,1.146325e+02,1.098511e+02,1.049671e+02,1.000000e+02,
0.65,1.029964e+02,1.060342e+02,1.090971e+02,1.121689e+02,1.152339e+02,1.182771e+02,1.212841e+02,1.242419e+02,1.271383e+02,1.299625e+02,1.327049e+02,1.353573e+02,1.379129e+02,1.403661e+02,1.427126e+02,1.449495e+02,1.470748e+02,1.490877e+02,1.509882e+02,1.527774e+02,1.544571e+02,1.560295e+02,1.574977e+02,1.588650e+02,1.601352e+02,1.613124e+02,1.624010e+02,1.634052e+02,1.643296e+02,1.651789e+02,1.659574e+02,1.666697e+02,1.673201e+02,1.679129e+02,1.684521e+02,1.689419e+02,1.693858e+02,1.697875e+02,1.701505e+02,1.704779e+02,1.707727e+02,1.710377e+02,1.712757e+02,1.714889e+02,1.716798e+02,1.718504e+02,1.720026e+02,1.721383e+02,1.722590e+02,1.723662e+02,1.724614e+02,1.725458e+02,1.726205e+02,1.726864e+02,1.727447e+02,1.727961e+02,1.728413e+02,1.728810e+02,1.729160e+02,1.729466e+02,1.729734e+02,1.729969e+02,1.730174e+02,1.730354e+02,1.730510e+02,1.730646e+02,1.730764e+02,1.730867e+02,1.730956e+02,1.731034e+02,1.731101e+02,1.731159e+02,1.731209e+02,1.731252e+02,1.731289e+02,1.731321e+02,1.731349e+02,1.731373e+02,1.731393e+02,1.731410e+02,1.731425e+02,1.731438e+02,1.731449e+02,1.731458e+02,1.731466e+02,1.731473e+02,1.731479e+02,1.731484e+02,1.731488e+02,1.731492e+02,1.731495e+02,1.731497e+02,1.731499e+02,1.731501e+02,1.731503e+02,1.731504e+02,1.731505e+02,1.731506e+02,1.731507e+02,1.731507e+02,1.731508e+02,1.731508e+02,1.731509e+02,1.731509e+02,1.731509e+02,1.731509e+02,1.731510e+02,1.731510e+02,1.731510e+02,1.731510e+02,1.731510e+02,1.731510e+02,1.731510e+02,1.731510e+02,1.731510e+02,1.731510e+02,1.731510e+02,1.731510e+02,1.731510e+02,1.731511e+02,1.731511e+02,1.731511e+02,1.731511e+02,1.731511e+02,1.731511e+02,1.731511e+02,1.731511e+02,1.731511e+02,1.731511e+02,1.731511e+02,1.731511e+02,1.731511e+02,1.731511e+02,1.731511e+02,1.731510e+02,1.731510e+02,1.731510e+02,1.731510e+02,1.731509e+02,1.731508e+02,1.731506e+02,1.731504e+02,1.731500e+02,1.731494e+02,1.731486e+02,1.731474e+02,1.731456e+02,1.731432e+02,1.731399e+02,1.731354e+02,1.731292e+02,1.731210e+02,1.731101e+02,1.730958e+02,1.730772e+02,1.730534e+02,1.730229e+02,1.729844e+02,1.729360e+02,1.728758e+02,1.728012e+02,1.727096e+02,1.725979e+02,1.724625e+02,1.722995e+02,1.721043e+02,1.718721e+02,1.715975e+02,1.712745e+02,1.708967e+02,1.704572e+02,1.699486e+02,1.693631e+02,1.686925e+02,1.679282e+02,1.670614e+02,1.660830e+02,1.649841e+02,1.637555e+02,1.623883e+02,1.608739e+02,1.592042e+02,1.573717e+02,1.553695e+02,1.531920e+02,1.508343e+02,1.482931e+02,1.455665e+02,1.426540e+02,1.395569e+02,1.362784e+02,1.328233e+02,1.291985e+02,1.254124e+02,1.214756e+02,1.174000e+02,1.131991e+02,1.088880e+02,1.044827e+02,1.000000e+02,
0.655,1.026513e+02,1.053420e+02,1.080579e+02,1.107849e+02,1.135092e+02,1.162175e+02,1.188974e+02,1.215370e+02,1.241255e+02,1.266533e+02,1.291117e+02,1.314931e+02,1.337913e+02,1.360010e+02,1.381181e+02,1.401397e+02,1.420635e+02,1.438887e+02,1.456149e+02,1.472427e+02,1.487733e+02,1.502086e+02,1.515510e+02,1.528032e+02,1.539683e+02,1.550499e+02,1.560515e+02,1.569770e+02,1.578303e+02,1.586154e+02,1.593361e+02,1.599965e+02,1.606004e+02,1.611516e+02,1.616538e+02,1.621104e+02,1.625249e+02,1.629005e+02,1.632403e+02,1.635471e+02,1.638238e+02,1.640729e+02,1.642967e+02,1.644976e+02,1.646776e+02,1.648387e+02,1.649826e+02,1.651110e+02,1.652253e+02,1.653271e+02,1.654175e+02,1.654976e+02,1.655687e+02,1.656315e+02,1.656871e+02,1.657361e+02,1.657793e+02,1.658173e+02,1.658508e+02,1.658801e+02,1.659059e+02,1.659284e+02,1.659481e+02,1.659654e+02,1.659804e+02,1.659935e+02,1.660049e+02,1.660149e+02,1.660235e+02,1.660310e+02,1.660374e+02,1.660431e+02,1.660479e+02,1.660521e+02,1.660557e+02,1.660588e+02,1.660615e+02,1.660638e+02,1.660658e+02,1.660675e+02,1.660690e+02,1.660702e+02,1.660713e+02,1.660722e+02,1.660730e+02,1.660737e+02,1.660742e+02,1.660747e+02,1.660751e+02,1.660755e+02,1.660758e+02,1.660760e+02,1.660762e+02,1.660764e+02,1.660766e+02,1.660767e+02,1.660768e+02,1.660769e+02,1.660770e+02,1.660770e+02,1.660771e+02,1.660771e+02,1.660772e+02,1.660772e+02,1.660772e+02,1.660772e+02,1.660773e+02,1.660773e+02,1.660773e+02,1.660773e+02,1.660773e+02,1.660773e+02,1.660773e+02,1.660773e+02,1.660773e+02,1.660773e+02,1.660773e+02,1.660773e+02,1.660773e+02,1.660773e+02,1.660773e+02,1.660773e+02,1.660773e+02,1.660773e+02,1.660773e+02,1.660773e+02,1.660773e+02,1.660773e+02,1.660773e+02,1.660773e+02,1.660773e+02,1.660773e+02,1.660773e+02,1.660773e+02,1.660773e+02,1.660773e+02,1.660773e+02,1.660773e+02,1.660772e+02,1.660771e+02,1.660769e+02,1.660767e+02,1.660763e+02,1.660758e+02,1.660750e+02,1.660739e+02,1.660722e+02,1.660700e+02,1.660669e+02,1.660626e+02,1.660569e+02,1.660492e+02,1.660391e+02,1.660258e+02,1.660086e+02,1.659864e+02,1.659582e+02,1.659226e+02,1.658778e+02,1.658222e+02,1.657534e+02,1.656689e+02,1.655660e+02,1.654414e+02,1.652915e+02,1.651122e+02,1.648991e+02,1.646472e+02,1.643513e+02,1.640054e+02,1.636034e+02,1.631387e+02,1.626041e+02,1.619923e+02,1.612956e+02,1.605063e+02,1.596161e+02,1.586170e+02,1.575010e+02,1.562602e+02,1.548870e+02,1.533741e+02,1.517150e+02,1.499038e+02,1.479352e+02,1.458054e+02,1.435112e+02,1.410511e+02,1.384247e+02,1.356332e+02,1.326793e+02,1.295673e+02,1.263031e+02,1.228942e+02,1.193496e+02,1.156798e+02,1.118965e+02,1.080127e+02,1.040423e+02,1.000000e+02,
0.66,1.023430e+02,1.047233e+02,1.071285e+02,1.095463e+02,1.119646e+02,1.143718e+02,1.167568e+02,1.191092e+02,1.214193e+02,1.236785e+02,1.258789e+02,1.280137e+02,1.300771e+02,1.320641e+02,1.339709e+02,1.357945e+02,1.375328e+02,1.391846e+02,1.407493e+02,1.422273e+02,1.436193e+02,1.449267e+02,1.461514e+02,1.472956e+02,1.483620e+02,1.493534e+02,1.502730e+02,1.511239e+02,1.519097e+02,1.526337e+02,1.532993e+02,1.539101e+02,1.544695e+02,1.549807e+02,1.554471e+02,1.558718e+02,1.562578e+02,1.566080e+02,1.569253e+02,1.572122e+02,1.574712e+02,1.577046e+02,1.579147e+02,1.581034e+02,1.582727e+02,1.584244e+02,1.585601e+02,1.586813e+02,1.587893e+02,1.588856e+02,1.589711e+02,1.590472e+02,1.591146e+02,1.591743e+02,1.592271e+02,1.592738e+02,1.593149e+02,1.593512e+02,1.593831e+02,1.594112e+02,1.594358e+02,1.594574e+02,1.594763e+02,1.594928e+02,1.595073e+02,1.595199e+02,1.595308e+02,1.595404e+02,1.595487e+02,1.595559e+02,1.595622e+02,1.595676e+02,1.595723e+02,1.595764e+02,1.595799e+02,1.595829e+02,1.595855e+02,1.595877e+02,1.595897e+02,1.595913e+02,1.595927e+02,1.595940e+02,1.595950e+02,1.595959e+02,1.595967e+02,1.595973e+02,1.595979e+02,1.595983e+02,1.595987e+02,1.595991e+02,1.595994e+02,1.595996e+02,1.595998e+02,1.596000e+02,1.596001e+02,1.596003e+02,1.596004e+02,1.596005e+02,1.596005e+02,1.596006e+02,1.596007e+02,1.596007e+02,1.596007e+02,1.596008e+02,1.596008e+02,1.596008e+02,1.596008e+02,1.596009e+02,1.596009e+02,1.596009e+02,1.596009e+02,1.596009e+02,1.596009e+02,1.596009e+02,1.596009e+02,1.596009e+02,1.596009e+02,1.596009e+02,1.596009e+02,1.596009e+02,1.596009e+02,1.596009e+02,1.596009e+02,1.596009e+02,1.596009e+02,1.596009e+02,1.596009e+02,1.596009e+02,1.596009e+02,1.596009e+02,1.596009e+02,1.596009e+02,1.596009e+02,1.596009e+02,1.596009e+02,1.596009e+02,1.596009e+02,1.596008e+02,1.596008e+02,1.596007e+02,1.596005e+02,1.596003e+02,1.596000e+02,1.595995e+02,1.595987e+02,1.595977e+02,1.595961e+02,1.595940e+02,1.595911e+02,1.595872e+02,1.595818e+02,1.595747e+02,1.595653e+02,1.595530e+02,1.595371e+02,1.595166e+02,1.594906e+02,1.594577e+02,1.594165e+02,1.593652e+02,1.593020e+02,1.592244e+02,1.591299e+02,1.590156e+02,1.588782e+02,1.587140e+02,1.585190e+02,1.582888e+02,1.580184e+02,1.577027e+02,1.573361e+02,1.569126e+02,1.564258e+02,1.558692e+02,1.552359e+02,1.545189e+02,1.537110e+02,1.528049e+02,1.517936e+02,1.506700e+02,1.494275e+02,1.480596e+02,1.465605e+02,1.449251e+02,1.431487e+02,1.412280e+02,1.391603e+02,1.369441e+02,1.345791e+02,1.320665e+02,1.294085e+02,1.266089e+02,1.236728e+02,1.206068e+02,1.174186e+02,1.141174e+02,1.107133e+02,1.072176e+02,1.036422e+02,1.000000e+02,
0.665,1.020679e+02,1.041709e+02,1.062982e+02,1.084392e+02,1.105831e+02,1.127199e+02,1.148396e+02,1.169331e+02,1.189918e+02,1.210080e+02,1.229745e+02,1.248852e+02,1.267347e+02,1.285185e+02,1.302330e+02,1.318751e+02,1.334430e+02,1.349351e+02,1.363508e+02,1.376901e+02,1.389535e+02,1.401420e+02,1.412570e+02,1.423003e+02,1.432742e+02,1.441810e+02,1.450233e+02,1.458040e+02,1.465259e+02,1.471920e+02,1.478053e+02,1.483689e+02,1.488857e+02,1.493587e+02,1.497908e+02,1.501848e+02,1.505434e+02,1.508693e+02,1.511647e+02,1.514323e+02,1.516741e+02,1.518924e+02,1.520890e+02,1.522659e+02,1.524247e+02,1.525672e+02,1.526948e+02,1.528088e+02,1.529107e+02,1.530015e+02,1.530823e+02,1.531542e+02,1.532180e+02,1.532746e+02,1.533247e+02,1.533690e+02,1.534081e+02,1.534426e+02,1.534730e+02,1.534997e+02,1.535232e+02,1.535439e+02,1.535619e+02,1.535777e+02,1.535916e+02,1.536037e+02,1.536142e+02,1.536234e+02,1.536314e+02,1.536383e+02,1.536443e+02,1.536496e+02,1.536541e+02,1.536580e+02,1.536614e+02,1.536643e+02,1.536668e+02,1.536690e+02,1.536709e+02,1.536725e+02,1.536739e+02,1.536750e+02,1.536761e+02,1.536769e+02,1.536777e+02,1.536783e+02,1.536788e+02,1.536793e+02,1.536797e+02,1.536800e+02,1.536803e+02,1.536805e+02,1.536807e+02,1.536809e+02,1.536811e+02,1.536812e+02,1.536813e+02,1.536814e+02,1.536815e+02,1.536815e+02,1.536816e+02,1.536816e+02,1.536817e+02,1.536817e+02,1.536817e+02,1.536817e+02,1.536818e+02,1.536818e+02,1.536818e+02,1.536818e+02,1.536818e+02,1.536818e+02,1.536818e+02,1.536818e+02,1.536818e+02,1.536818e+02,1.536818e+02,1.536818e+02,1.536818e+02,1.536818e+02,1.536818e+02,1.536818e+02,1.536818e+02,1.536818e+02,1.536818e+02,1.536818e+02,1.536818e+02,1.536818e+02,1.536818e+02,1.536818e+02,1.536818e+02,1.536818e+02,1.536818e+02,1.536818e+02,1.536818e+02,1.536818e+02,1.536818e+02,1.536818e+02,1.536817e+02,1.536816e+02,1.536815e+02,1.536813e+02,1.536809e+02,1.536805e+02,1.536798e+02,1.536788e+02,1.536774e+02,1.536754e+02,1.536727e+02,1.536690e+02,1.536641e+02,1.536575e+02,1.536488e+02,1.536375e+02,1.536228e+02,1.536040e+02,1.535800e+02,1.535498e+02,1.535120e+02,1.534649e+02,1.534069e+02,1.533359e+02,1.532494e+02,1.531449e+02,1.530194e+02,1.528695e+02,1.526916e+02,1.524817e+02,1.522355e+02,1.519482e+02,1.516148e+02,1.512299e+02,1.507878e+02,1.502828e+02,1.497085e+02,1.490588e+02,1.483273e+02,1.475075e+02,1.465931e+02,1.455779e+02,1.444560e+02,1.432216e+02,1.418698e+02,1.403958e+02,1.387958e+02,1.370666e+02,1.352059e+02,1.332124e+02,1.310860e+02,1.288274e+02,1.264388e+02,1.239233e+02,1.212855e+02,1.185308e+02,1.156662e+02,1.126994e+02,1.096394e+02,1.064957e+02,1.032789e+02,1.000000e+02,
0.67,1.018227e+02,1.036783e+02,1.055575e+02,1.074508e+02,1.093490e+02,1.112432e+02,1.131246e+02,1.149851e+02,1.168172e+02,1.186139e+02,1.203688e+02,1.220763e+02,1.237315e+02,1.253303e+02,1.268692e+02,1.283454e+02,1.297570e+02,1.311025e+02,1.323810e+02,1.335923e+02,1.347367e+02,1.358149e+02,1.368280e+02,1.377774e+02,1.386649e+02,1.394925e+02,1.402625e+02,1.409771e+02,1.416388e+02,1.422503e+02,1.428141e+02,1.433330e+02,1.438094e+02,1.442460e+02,1.446454e+02,1.450101e+02,1.453425e+02,1.456448e+02,1.459193e+02,1.461682e+02,1.463935e+02,1.465970e+02,1.467806e+02,1.469459e+02,1.470946e+02,1.472281e+02,1.473478e+02,1.474549e+02,1.475506e+02,1.476361e+02,1.477123e+02,1.477800e+02,1.478403e+02,1.478938e+02,1.479412e+02,1.479831e+02,1.480202e+02,1.480529e+02,1.480818e+02,1.481072e+02,1.481296e+02,1.481492e+02,1.481665e+02,1.481816e+02,1.481948e+02,1.482063e+02,1.482164e+02,1.482252e+02,1.482328e+02,1.482395e+02,1.482453e+02,1.482503e+02,1.482547e+02,1.482584e+02,1.482617e+02,1.482645e+02,1.482670e+02,1.482691e+02,1.482709e+02,1.482724e+02,1.482738e+02,1.482749e+02,1.482759e+02,1.482767e+02,1.482775e+02,1.482781e+02,1.482786e+02,1.482790e+02,1.482794e+02,1.482798e+02,1.482800e+02,1.482803e+02,1.482805e+02,1.482806e+02,1.482808e+02,1.482809e+02,1.482810e+02,1.482811e+02,1.482812e+02,1.482812e+02,1.482813e+02,1.482813e+02,1.482814e+02,1.482814e+02,1.482814e+02,1.482814e+02,1.482814e+02,1.482815e+02,1.482815e+02,1.482815e+02,1.482815e+02,1.482815e+02,1.482815e+02,1.482815e+02,1.482815e+02,1.482815e+02,1.482815e+02,1.482815e+02,1.482815e+02,1.482815e+02,1.482815e+02,1.482815e+02,1.482815e+02,1.482815e+02,1.482815e+02,1.482815e+02,1.482815e+02,1.482815e+02,1.482815e+02,1.482815e+02,1.482815e+02,1.482815e+02,1.482815e+02,1.482815e+02,1.482815e+02,1.482815e+02,1.482815e+02,1.482815e+02,1.482814e+02,1.482813e+02,1.482812e+02,1.482810e+02,1.482807e+02,1.482802e+02,1.482796e+02,1.482787e+02,1.482774e+02,1.482756e+02,1.482731e+02,1.482697e+02,1.482651e+02,1.482591e+02,1.482511e+02,1.482406e+02,1.482272e+02,1.482099e+02,1.481879e+02,1.481602e+02,1.481256e+02,1.480826e+02,1.480296e+02,1.479648e+02,1.478859e+02,1.477906e+02,1.476763e+02,1.475398e+02,1.473780e+02,1.471873e+02,1.469636e+02,1.467029e+02,1.464004e+02,1.460516e+02,1.456512e+02,1.451941e+02,1.446746e+02,1.440873e+02,1.434265e+02,1.426864e+02,1.418615e+02,1.409462e+02,1.399352e+02,1.388236e+02,1.376068e+02,1.362807e+02,1.348420e+02,1.332878e+02,1.316160e+02,1.298256e+02,1.279164e+02,1.258889e+02,1.237451e+02,1.214876e+02,1.191204e+02,1.166482e+02,1.140770e+02,1.114134e+02,1.086653e+02,1.058408e+02,1.029492e+02,1.000000e+02,
0.675,1.016045e+02,1.032397e+02,1.048975e+02,1.065697e+02,1.082481e+02,1.099249e+02,1.115925e+02,1.132438e+02,1.148719e+02,1.164706e+02,1.180344e+02,1.195580e+02,1.210370e+02,1.224677e+02,1.238467e+02,1.251716e+02,1.264403e+02,1.276513e+02,1.288038e+02,1.298974e+02,1.309321e+02,1.319084e+02,1.328270e+02,1.336892e+02,1.344964e+02,1.352502e+02,1.359524e+02,1.366052e+02,1.372105e+02,1.377706e+02,1.382878e+02,1.387643e+02,1.392025e+02,1.396047e+02,1.399730e+02,1.403098e+02,1.406170e+02,1.408969e+02,1.411514e+02,1.413824e+02,1.415917e+02,1.417811e+02,1.419521e+02,1.421063e+02,1.422451e+02,1.423698e+02,1.424818e+02,1.425822e+02,1.426720e+02,1.427522e+02,1.428238e+02,1.428875e+02,1.429443e+02,1.429947e+02,1.430394e+02,1.430791e+02,1.431141e+02,1.431451e+02,1.431725e+02,1.431966e+02,1.432178e+02,1.432365e+02,1.432529e+02,1.432672e+02,1.432798e+02,1.432908e+02,1.433005e+02,1.433089e+02,1.433162e+02,1.433226e+02,1.433281e+02,1.433329e+02,1.433371e+02,1.433407e+02,1.433439e+02,1.433466e+02,1.433489e+02,1.433509e+02,1.433527e+02,1.433542e+02,1.433555e+02,1.433566e+02,1.433575e+02,1.433583e+02,1.433590e+02,1.433596e+02,1.433602e+02,1.433606e+02,1.433610e+02,1.433613e+02,1.433615e+02,1.433618e+02,1.433620e+02,1.433621e+02,1.433623e+02,1.433624e+02,1.433625e+02,1.433626e+02,1.433626e+02,1.433627e+02,1.433628e+02,1.433628e+02,1.433628e+02,1.433629e+02,1.433629e+02,1.433629e+02,1.433629e+02,1.433629e+02,1.433630e+02,1.433630e+02,1.433630e+02,1.433630e+02,1.433630e+02,1.433630e+02,1.433630e+02,1.433630e+02,1.433630e+02,1.433630e+02,1.433630e+02,1.433630e+02,1.433630e+02,1.433630e+02,1.433630e+02,1.433630e+02,1.433630e+02,1.433630e+02,1.433630e+02,1.433630e+02,1.433630e+02,1.433630e+02,1.433630e+02,1.433630e+02,1.433630e+02,1.433630e+02,1.433630e+02,1.433630e+02,1.433630e+02,1.433629e+02,1.433629e+02,1.433628e+02,1.433627e+02,1.433625e+02,1.433622e+02,1.433618e+02,1.433612e+02,1.433604e+02,1.433592e+02,1.433575e+02,1.433552e+02,1.433521e+02,1.433479e+02,1.433423e+02,1.433350e+02,1.433254e+02,1.433131e+02,1.432973e+02,1.432772e+02,1.432520e+02,1.432204e+02,1.431812e+02,1.431329e+02,1.430739e+02,1.430022e+02,1.429156e+02,1.428117e+02,1.426879e+02,1.425412e+02,1.423683e+02,1.421657e+02,1.419296e+02,1.416560e+02,1.413407e+02,1.409789e+02,1.405661e+02,1.400974e+02,1.395678e+02,1.389722e+02,1.383055e+02,1.375628e+02,1.367392e+02,1.358300e+02,1.348308e+02,1.337376e+02,1.325468e+02,1.312552e+02,1.298605e+02,1.283608e+02,1.267552e+02,1.250433e+02,1.232258e+02,1.213041e+02,1.192806e+02,1.171587e+02,1.149425e+02,1.126370e+02,1.102481e+02,1.077824e+02,1.052472e+02,1.026503e+02,1.000000e+02,
0.68,1.014105e+02,1.028496e+02,1.043102e+02,1.057851e+02,1.072672e+02,1.087497e+02,1.102259e+02,1.116893e+02,1.131341e+02,1.145547e+02,1.159460e+02,1.173035e+02,1.186231e+02,1.199013e+02,1.211351e+02,1.223221e+02,1.234604e+02,1.245486e+02,1.255857e+02,1.265712e+02,1.275049e+02,1.283873e+02,1.292187e+02,1.300002e+02,1.307328e+02,1.314180e+02,1.320572e+02,1.326522e+02,1.332047e+02,1.337167e+02,1.341900e+02,1.346268e+02,1.350290e+02,1.353985e+02,1.357375e+02,1.360477e+02,1.363312e+02,1.365897e+02,1.368251e+02,1.370390e+02,1.372330e+02,1.374088e+02,1.375677e+02,1.377111e+02,1.378404e+02,1.379567e+02,1.380613e+02,1.381551e+02,1.382391e+02,1.383142e+02,1.383813e+02,1.384412e+02,1.384945e+02,1.385419e+02,1.385840e+02,1.386213e+02,1.386544e+02,1.386837e+02,1.387096e+02,1.387324e+02,1.387525e+02,1.387702e+02,1.387857e+02,1.387993e+02,1.388113e+02,1.388218e+02,1.388310e+02,1.388390e+02,1.388460e+02,1.388520e+02,1.388573e+02,1.388619e+02,1.388659e+02,1.388694e+02,1.388724e+02,1.388750e+02,1.388773e+02,1.388792e+02,1.388809e+02,1.388824e+02,1.388836e+02,1.388847e+02,1.388856e+02,1.388864e+02,1.388870e+02,1.388876e+02,1.388881e+02,1.388885e+02,1.388889e+02,1.388892e+02,1.388895e+02,1.388897e+02,1.388899e+02,1.388900e+02,1.388902e+02,1.388903e+02,1.388904e+02,1.388905e+02,1.388905e+02,1.388906e+02,1.388907e+02,1.388907e+02,1.388907e+02,1.388908e+02,1.388908e+02,1.388908e+02,1.388908e+02,1.388908e+02,1.388909e+02,1.388909e+02,1.388909e+02,1.388909e+02,1.388909e+02,1.388909e+02,1.388909e+02,1.388909e+02,1.388909e+02,1.388909e+02,1.388909e+02,1.388909e+02,1.388909e+02,1.388909e+02,1.388909e+02,1.388909e+02,1.388909e+02,1.388909e+02,1.388909e+02,1.388909e+02,1.388909e+02,1.388909e+02,1.388909e+02,1.388909e+02,1.388909e+02,1.388909e+02,1.388909e+02,1.388909e+02,1.388909e+02,1.388908e+02,1.388908e+02,1.388907e+02,1.388906e+02,1.388904e+02,1.388902e+02,1.388898e+02,1.388892e+02,1.388885e+02,1.388874e+02,1.388858e+02,1.388837e+02,1.388809e+02,1.388770e+02,1.388719e+02,1.388652e+02,1.388565e+02,1.388453e+02,1.388309e+02,1.388126e+02,1.387896e+02,1.387609e+02,1.387253e+02,1.386814e+02,1.386279e+02,1.385628e+02,1.384844e+02,1.383903e+02,1.382782e+02,1.381455e+02,1.379892e+02,1.378062e+02,1.375931e+02,1.373462e+02,1.370618e+02,1.367358e+02,1.363639e+02,1.359419e+02,1.354654e+02,1.349297e+02,1.343305e+02,1.336632e+02,1.329236e+02,1.321075e+02,1.312110e+02,1.302306e+02,1.291629e+02,1.280054e+02,1.267559e+02,1.254126e+02,1.239747e+02,1.224419e+02,1.208147e+02,1.190943e+02,1.172828e+02,1.153830e+02,1.133984e+02,1.113334e+02,1.091930e+02,1.069830e+02,1.047096e+02,1.023795e+02,1.000000e+02,
0.685,1.012384e+02,1.025032e+02,1.037883e+02,1.050875e+02,1.063946e+02,1.077035e+02,1.090083e+02,1.103036e+02,1.115839e+02,1.128444e+02,1.140805e+02,1.152882e+02,1.164637e+02,1.176039e+02,1.187060e+02,1.197678e+02,1.207875e+02,1.217636e+02,1.226952e+02,1.235817e+02,1.244229e+02,1.252188e+02,1.259699e+02,1.266769e+02,1.273406e+02,1.279621e+02,1.285428e+02,1.290841e+02,1.295874e+02,1.300544e+02,1.304867e+02,1.308862e+02,1.312545e+02,1.315934e+02,1.319046e+02,1.321898e+02,1.324507e+02,1.326890e+02,1.329062e+02,1.331038e+02,1.332832e+02,1.334460e+02,1.335933e+02,1.337265e+02,1.338466e+02,1.339549e+02,1.340522e+02,1.341396e+02,1.342181e+02,1.342883e+02,1.343510e+02,1.344071e+02,1.344571e+02,1.345015e+02,1.345411e+02,1.345762e+02,1.346073e+02,1.346349e+02,1.346593e+02,1.346808e+02,1.346998e+02,1.347165e+02,1.347313e+02,1.347442e+02,1.347555e+02,1.347655e+02,1.347742e+02,1.347818e+02,1.347885e+02,1.347943e+02,1.347993e+02,1.348037e+02,1.348075e+02,1.348108e+02,1.348137e+02,1.348162e+02,1.348184e+02,1.348202e+02,1.348218e+02,1.348232e+02,1.348244e+02,1.348255e+02,1.348263e+02,1.348271e+02,1.348278e+02,1.348283e+02,1.348288e+02,1.348292e+02,1.348296e+02,1.348299e+02,1.348301e+02,1.348303e+02,1.348305e+02,1.348307e+02,1.348308e+02,1.348309e+02,1.348310e+02,1.348311e+02,1.348311e+02,1.348312e+02,1.348313e+02,1.348313e+02,1.348313e+02,1.348314e+02,1.348314e+02,1.348314e+02,1.348314e+02,1.348314e+02,1.348314e+02,1.348315e+02,1.348315e+02,1.348315e+02,1.348315e+02,1.348315e+02,1.348315e+02,1.348315e+02,1.348315e+02,1.348315e+02,1.348315e+02,1.348315e+02,1.348315e+02,1.348315e+02,1.348315e+02,1.348315e+02,1.348315e+02,1.348315e+02,1.348315e+02,1.348315e+02,1.348315e+02,1.348315e+02,1.348315e+02,1.348315e+02,1.348315e+02,1.348315e+02,1.348315e+02,1.348315e+02,1.348315e+02,1.348314e+02,1.348314e+02,1.348313e+02,1.348312e+02,1.348311e+02,1.348308e+02,1.348305e+02,1.348300e+02,1.348293e+02,1.348282e+02,1.348268e+02,1.348249e+02,1.348223e+02,1.348188e+02,1.348142e+02,1.348081e+02,1.348001e+02,1.347899e+02,1.347768e+02,1.347602e+02,1.347394e+02,1.347133e+02,1.346811e+02,1.346414e+02,1.345929e+02,1.345341e+02,1.344632e+02,1.343783e+02,1.342771e+02,1.341574e+02,1.340165e+02,1.338515e+02,1.336596e+02,1.334374e+02,1.331815e+02,1.328884e+02,1.325542e+02,1.321751e+02,1.317472e+02,1.312665e+02,1.307290e+02,1.301307e+02,1.294678e+02,1.287366e+02,1.279337e+02,1.270559e+02,1.261004e+02,1.250647e+02,1.239469e+02,1.227455e+02,1.214597e+02,1.200891e+02,1.186342e+02,1.170960e+02,1.154762e+02,1.137771e+02,1.120019e+02,1.101543e+02,1.082386e+02,1.062597e+02,1.042230e+02,1.021344e+02,1.000000e+02,
0.69,1.010858e+02,1.021960e+02,1.033252e+02,1.044681e+02,1.056192e+02,1.067733e+02,1.079252e+02,1.090700e+02,1.102030e+02,1.113199e+02,1.124165e+02,1.134893e+02,1.145349e+02,1.155504e+02,1.165334e+02,1.174817e+02,1.183936e+02,1.192677e+02,1.201031e+02,1.208992e+02,1.216556e+02,1.223723e+02,1.230496e+02,1.236880e+02,1.242881e+02,1.248509e+02,1.253774e+02,1.258688e+02,1.263263e+02,1.267514e+02,1.271455e+02,1.275101e+02,1.278467e+02,1.281568e+02,1.284419e+02,1.287036e+02,1.289432e+02,1.291623e+02,1.293623e+02,1.295445e+02,1.297101e+02,1.298605e+02,1.299968e+02,1.301201e+02,1.302315e+02,1.303320e+02,1.304224e+02,1.305038e+02,1.305768e+02,1.306423e+02,1.307008e+02,1.307532e+02,1.307999e+02,1.308416e+02,1.308786e+02,1.309116e+02,1.309408e+02,1.309667e+02,1.309897e+02,1.310099e+02,1.310278e+02,1.310436e+02,1.310575e+02,1.310697e+02,1.310805e+02,1.310899e+02,1.310981e+02,1.311054e+02,1.311117e+02,1.311172e+02,1.311220e+02,1.311262e+02,1.311298e+02,1.311330e+02,1.311357e+02,1.311381e+02,1.311402e+02,1.311420e+02,1.311435e+02,1.311448e+02,1.311460e+02,1.311470e+02,1.311478e+02,1.311486e+02,1.311492e+02,1.311497e+02,1.311502e+02,1.311506e+02,1.311509e+02,1.311512e+02,1.311515e+02,1.311517e+02,1.311518e+02,1.311520e+02,1.311521e+02,1.311522e+02,1.311523e+02,1.311524e+02,1.311525e+02,1.311525e+02,1.311526e+02,1.311526e+02,1.311526e+02,1.311527e+02,1.311527e+02,1.311527e+02,1.311527e+02,1.311527e+02,1.311528e+02,1.311528e+02,1.311528e+02,1.311528e+02,1.311528e+02,1.311528e+02,1.311528e+02,1.311528e+02,1.311528e+02,1.311528e+02,1.311528e+02,1.311528e+02,1.311528e+02,1.311528e+02,1.311528e+02,1.311528e+02,1.311528e+02,1.311528e+02,1.311528e+02,1.311528e+02,1.311528e+02,1.311528e+02,1.311528e+02,1.311528e+02,1.311528e+02,1.311528e+02,1.311528e+02,1.311528e+02,1.311528e+02,1.311528e+02,1.311527e+02,1.311527e+02,1.311526e+02,1.311524e+02,1.311522e+02,1.311519e+02,1.311514e+02,1.311507e+02,1.311498e+02,1.311485e+02,1.311468e+02,1.311444e+02,1.311412e+02,1.311370e+02,1.311315e+02,1.311243e+02,1.311150e+02,1.311032e+02,1.310881e+02,1.310693e+02,1.310457e+02,1.310166e+02,1.309808e+02,1.309371e+02,1.308840e+02,1.308201e+02,1.307436e+02,1.306526e+02,1.305448e+02,1.304181e+02,1.302699e+02,1.300974e+02,1.298979e+02,1.296682e+02,1.294052e+02,1.291056e+02,1.287658e+02,1.283824e+02,1.279519e+02,1.274707e+02,1.269352e+02,1.263422e+02,1.256884e+02,1.249706e+02,1.241860e+02,1.233322e+02,1.224070e+02,1.214086e+02,1.203357e+02,1.191874e+02,1.179636e+02,1.166644e+02,1.152908e+02,1.138441e+02,1.123264e+02,1.107402e+02,1.090889e+02,1.073760e+02,1.056059e+02,1.037831e+02,1.019126e+02,1.000000e+02,
0.695,1.009507e+02,1.019239e+02,1.029148e+02,1.039189e+02,1.049313e+02,1.059475e+02,1.069630e+02,1.079734e+02,1.089747e+02,1.099629e+02,1.109344e+02,1.118860e+02,1.128147e+02,1.137178e+02,1.145931e+02,1.154387e+02,1.162528e+02,1.170344e+02,1.177823e+02,1.184959e+02,1.191750e+02,1.198192e+02,1.204289e+02,1.210042e+02,1.215459e+02,1.220545e+02,1.225309e+02,1.229762e+02,1.233913e+02,1.237776e+02,1.241361e+02,1.244682e+02,1.247751e+02,1.250583e+02,1.253190e+02,1.255585e+02,1.257782e+02,1.259793e+02,1.261630e+02,1.263306e+02,1.264831e+02,1.266218e+02,1.267476e+02,1.268616e+02,1.269646e+02,1.270577e+02,1.271416e+02,1.272171e+02,1.272849e+02,1.273458e+02,1.274003e+02,1.274491e+02,1.274927e+02,1.275316e+02,1.275663e+02,1.275971e+02,1.276245e+02,1.276488e+02,1.276703e+02,1.276894e+02,1.277062e+02,1.277211e+02,1.277342e+02,1.277457e+02,1.277558e+02,1.277647e+02,1.277726e+02,1.277794e+02,1.277854e+02,1.277906e+02,1.277952e+02,1.277991e+02,1.278026e+02,1.278056e+02,1.278082e+02,1.278105e+02,1.278125e+02,1.278142e+02,1.278156e+02,1.278169e+02,1.278180e+02,1.278190e+02,1.278198e+02,1.278205e+02,1.278211e+02,1.278216e+02,1.278220e+02,1.278224e+02,1.278227e+02,1.278230e+02,1.278233e+02,1.278235e+02,1.278236e+02,1.278238e+02,1.278239e+02,1.278240e+02,1.278241e+02,1.278242e+02,1.278242e+02,1.278243e+02,1.278243e+02,1.278244e+02,1.278244e+02,1.278244e+02,1.278245e+02,1.278245e+02,1.278245e+02,1.278245e+02,1.278245e+02,1.278245e+02,1.278245e+02,1.278245e+02,1.278245e+02,1.278246e+02,1.278246e+02,1.278246e+02,1.278246e+02,1.278246e+02,1.278246e+02,1.278246e+02,1.278246e+02,1.278246e+02,1.278246e+02,1.278246e+02,1.278246e+02,1.278246e+02,1.278246e+02,1.278246e+02,1.278246e+02,1.278246e+02,1.278246e+02,1.278246e+02,1.278246e+02,1.278246e+02,1.278246e+02,1.278246e+02,1.278245e+02,1.278245e+02,1.278245e+02,1.278244e+02,1.278243e+02,1.278242e+02,1.278240e+02,1.278237e+02,1.278233e+02,1.278227e+02,1.278218e+02,1.278207e+02,1.278191e+02,1.278169e+02,1.278140e+02,1.278102e+02,1.278052e+02,1.277987e+02,1.277903e+02,1.277796e+02,1.277661e+02,1.277491e+02,1.277279e+02,1.277016e+02,1.276694e+02,1.276300e+02,1.275824e+02,1.275249e+02,1.274562e+02,1.273744e+02,1.272777e+02,1.271640e+02,1.270311e+02,1.268766e+02,1.266978e+02,1.264922e+02,1.262567e+02,1.259886e+02,1.256847e+02,1.253419e+02,1.249571e+02,1.245271e+02,1.240489e+02,1.235194e+02,1.229356e+02,1.222950e+02,1.215950e+02,1.208333e+02,1.200081e+02,1.191176e+02,1.181608e+02,1.171369e+02,1.160455e+02,1.148869e+02,1.136618e+02,1.123712e+02,1.110171e+02,1.096014e+02,1.081271e+02,1.065972e+02,1.050154e+02,1.033857e+02,1.017123e+02,1.000000e+02,
0.7,1.008313e+02,1.016832e+02,1.025517e+02,1.034326e+02,1.043219e+02,1.052155e+02,1.061095e+02,1.070001e+02,1.078837e+02,1.087568e+02,1.096162e+02,1.104591e+02,1.112827e+02,1.120847e+02,1.128629e+02,1.136157e+02,1.143415e+02,1.150391e+02,1.157076e+02,1.163463e+02,1.169548e+02,1.175329e+02,1.180807e+02,1.185984e+02,1.190864e+02,1.195452e+02,1.199755e+02,1.203782e+02,1.207542e+02,1.211044e+02,1.214299e+02,1.217318e+02,1.220113e+02,1.222693e+02,1.225072e+02,1.227260e+02,1.229270e+02,1.231111e+02,1.232796e+02,1.234334e+02,1.235736e+02,1.237012e+02,1.238170e+02,1.239221e+02,1.240173e+02,1.241033e+02,1.241809e+02,1.242508e+02,1.243137e+02,1.243702e+02,1.244209e+02,1.244663e+02,1.245069e+02,1.245432e+02,1.245755e+02,1.246043e+02,1.246299e+02,1.246526e+02,1.246728e+02,1.246906e+02,1.247064e+02,1.247204e+02,1.247327e+02,1.247436e+02,1.247531e+02,1.247615e+02,1.247689e+02,1.247753e+02,1.247810e+02,1.247859e+02,1.247902e+02,1.247940e+02,1.247973e+02,1.248001e+02,1.248026e+02,1.248048e+02,1.248067e+02,1.248083e+02,1.248097e+02,1.248109e+02,1.248119e+02,1.248129e+02,1.248136e+02,1.248143e+02,1.248149e+02,1.248154e+02,1.248158e+02,1.248162e+02,1.248165e+02,1.248167e+02,1.248170e+02,1.248172e+02,1.248173e+02,1.248175e+02,1.248176e+02,1.248177e+02,1.248178e+02,1.248179e+02,1.248179e+02,1.248180e+02,1.248180e+02,1.248181e+02,1.248181e+02,1.248181e+02,1.248181e+02,1.248182e+02,1.248182e+02,1.248182e+02,1.248182e+02,1.248182e+02,1.248182e+02,1.248182e+02,1.248182e+02,1.248182e+02,1.248182e+02,1.248182e+02,1.248182e+02,1.248182e+02,1.248182e+02,1.248182e+02,1.248182e+02,1.248182e+02,1.248182e+02,1.248183e+02,1.248183e+02,1.248183e+02,1.248183e+02,1.248183e+02,1.248183e+02,1.248183e+02,1.248183e+02,1.248183e+02,1.248183e+02,1.248182e+02,1.248182e+02,1.248182e+02,1.248182e+02,1.248182e+02,1.248182e+02,1.248181e+02,1.248180e+02,1.248179e+02,1.248177e+02,1.248175e+02,1.248171e+02,1.248165e+02,1.248158e+02,1.248147e+02,1.248133e+02,1.248113e+02,1.248087e+02,1.248053e+02,1.248008e+02,1.247949e+02,1.247873e+02,1.247777e+02,1.247655e+02,1.247502e+02,1.247312e+02,1.247076e+02,1.246786e+02,1.246433e+02,1.246006e+02,1.245491e+02,1.244875e+02,1.244143e+02,1.243277e+02,1.242260e+02,1.241071e+02,1.239689e+02,1.238091e+02,1.236253e+02,1.234150e+02,1.231756e+02,1.229043e+02,1.225984e+02,1.222552e+02,1.218717e+02,1.214454e+02,1.209734e+02,1.204532e+02,1.198824e+02,1.192589e+02,1.185804e+02,1.178454e+02,1.170525e+02,1.162004e+02,1.152886e+02,1.143167e+02,1.132847e+02,1.121934e+02,1.110435e+02,1.098367e+02,1.085746e+02,1.072598e+02,1.058948e+02,1.044827e+02,1.030270e+02,1.015315e+02,1.000000e+02,
0.705,1.007260e+02,1.014707e+02,1.022308e+02,1.030026e+02,1.037827e+02,1.045674e+02,1.053534e+02,1.061373e+02,1.069160e+02,1.076863e+02,1.084456e+02,1.091910e+02,1.099204e+02,1.106315e+02,1.113224e+02,1.119916e+02,1.126376e+02,1.132593e+02,1.138558e+02,1.144265e+02,1.149709e+02,1.154888e+02,1.159802e+02,1.164451e+02,1.168840e+02,1.172971e+02,1.176852e+02,1.180487e+02,1.183886e+02,1.187055e+02,1.190005e+02,1.192744e+02,1.195283e+02,1.197630e+02,1.199796e+02,1.201792e+02,1.203626e+02,1.205309e+02,1.206850e+02,1.208259e+02,1.209545e+02,1.210717e+02,1.211782e+02,1.212749e+02,1.213625e+02,1.214419e+02,1.215135e+02,1.215781e+02,1.216364e+02,1.216887e+02,1.217357e+02,1.217778e+02,1.218155e+02,1.218493e+02,1.218793e+02,1.219062e+02,1.219301e+02,1.219513e+02,1.219701e+02,1.219868e+02,1.220016e+02,1.220147e+02,1.220263e+02,1.220364e+02,1.220454e+02,1.220533e+02,1.220602e+02,1.220663e+02,1.220717e+02,1.220763e+02,1.220804e+02,1.220840e+02,1.220871e+02,1.220898e+02,1.220921e+02,1.220942e+02,1.220960e+02,1.220975e+02,1.220988e+02,1.221000e+02,1.221010e+02,1.221019e+02,1.221026e+02,1.221032e+02,1.221038e+02,1.221043e+02,1.221047e+02,1.221050e+02,1.221053e+02,1.221056e+02,1.221058e+02,1.221060e+02,1.221062e+02,1.221063e+02,1.221064e+02,1.221065e+02,1.221066e+02,1.221067e+02,1.221067e+02,1.221068e+02,1.221068e+02,1.221068e+02,1.221069e+02,1.221069e+02,1.221069e+02,1.221069e+02,1.221070e+02,1.221070e+02,1.221070e+02,1.221070e+02,1.221070e+02,1.221070e+02,1.221070e+02,1.221070e+02,1.221070e+02,1.221070e+02,1.221070e+02,1.221070e+02,1.221070e+02,1.221070e+02,1.221070e+02,1.221070e+02,1.221070e+02,1.221070e+02,1.221070e+02,1.221070e+02,1.221070e+02,1.221070e+02,1.221070e+02,1.221070e+02,1.221070e+02,1.221070e+02,1.221070e+02,1.221070e+02,1.221070e+02,1.221070e+02,1.221070e+02,1.221070e+02,1.221070e+02,1.221069e+02,1.221068e+02,1.221067e+02,1.221066e+02,1.221063e+02,1.221060e+02,1.221055e+02,1.221048e+02,1.221038e+02,1.221025e+02,1.221008e+02,1.220984e+02,1.220953e+02,1.220913e+02,1.220860e+02,1.220792e+02,1.220706e+02,1.220596e+02,1.220459e+02,1.220288e+02,1.220077e+02,1.219818e+02,1.219502e+02,1.219120e+02,1.218659e+02,1.218109e+02,1.217454e+02,1.216681e+02,1.215773e+02,1.214712e+02,1.213479e+02,1.212053e+02,1.210415e+02,1.208541e+02,1.206407e+02,1.203991e+02,1.201267e+02,1.198210e+02,1.194797e+02,1.191003e+02,1.186803e+02,1.182175e+02,1.177099e+02,1.171552e+02,1.165519e+02,1.158983e+02,1.151932e+02,1.144355e+02,1.136246e+02,1.127601e+02,1.118422e+02,1.108712e+02,1.098479e+02,1.087736e+02,1.076498e+02,1.064784e+02,1.052618e+02,1.040026e+02,1.027037e+02,1.013684e+02,1.000000e+02,
0.71,1.006331e+02,1.012833e+02,1.019476e+02,1.026230e+02,1.033063e+02,1.039945e+02,1.046846e+02,1.053737e+02,1.060590e+02,1.067377e+02,1.074074e+02,1.080659e+02,1.087108e+02,1.093404e+02,1.099529e+02,1.105468e+02,1.111209e+02,1.116741e+02,1.122056e+02,1.127147e+02,1.132010e+02,1.136641e+02,1.141042e+02,1.145210e+02,1.149150e+02,1.152864e+02,1.156356e+02,1.159632e+02,1.162699e+02,1.165562e+02,1.168231e+02,1.170711e+02,1.173013e+02,1.175144e+02,1.177113e+02,1.178929e+02,1.180600e+02,1.182135e+02,1.183543e+02,1.184831e+02,1.186008e+02,1.187081e+02,1.188058e+02,1.188946e+02,1.189752e+02,1.190482e+02,1.191142e+02,1.191739e+02,1.192276e+02,1.192760e+02,1.193195e+02,1.193585e+02,1.193935e+02,1.194247e+02,1.194527e+02,1.194776e+02,1.194999e+02,1.195197e+02,1.195372e+02,1.195528e+02,1.195666e+02,1.195789e+02,1.195897e+02,1.195992e+02,1.196076e+02,1.196150e+02,1.196216e+02,1.196273e+02,1.196323e+02,1.196367e+02,1.196405e+02,1.196439e+02,1.196468e+02,1.196494e+02,1.196516e+02,1.196536e+02,1.196553e+02,1.196567e+02,1.196580e+02,1.196591e+02,1.196600e+02,1.196609e+02,1.196616e+02,1.196622e+02,1.196627e+02,1.196632e+02,1.196636e+02,1.196639e+02,1.196642e+02,1.196644e+02,1.196646e+02,1.196648e+02,1.196650e+02,1.196651e+02,1.196652e+02,1.196653e+02,1.196654e+02,1.196654e+02,1.196655e+02,1.196656e+02,1.196656e+02,1.196656e+02,1.196657e+02,1.196657e+02,1.196657e+02,1.196657e+02,1.196657e+02,1.196658e+02,1.196658e+02,1.196658e+02,1.196658e+02,1.196658e+02,1.196658e+02,1.196658e+02,1.196658e+02,1.196658e+02,1.196658e+02,1.196658e+02,1.196658e+02,1.196658e+02,1.196658e+02,1.196658e+02,1.196658e+02,1.196658e+02,1.196658e+02,1.196658e+02,1.196658e+02,1.196658e+02,1.196658e+02,1.196658e+02,1.196658e+02,1.196658e+02,1.196658e+02,1.196658e+02,1.196658e+02,1.196658e+02,1.196658e+02,1.196658e+02,1.196657e+02,1.196657e+02,1.196656e+02,1.196655e+02,1.196654e+02,1.196652e+02,1.196649e+02,1.196644e+02,1.196638e+02,1.196629e+02,1.196618e+02,1.196602e+02,1.196581e+02,1.196553e+02,1.196516e+02,1.196469e+02,1.196409e+02,1.196331e+02,1.196233e+02,1.196111e+02,1.195958e+02,1.195769e+02,1.195538e+02,1.195256e+02,1.194914e+02,1.194504e+02,1.194013e+02,1.193430e+02,1.192741e+02,1.191931e+02,1.190986e+02,1.189889e+02,1.188620e+02,1.187163e+02,1.185495e+02,1.183598e+02,1.181450e+02,1.179028e+02,1.176312e+02,1.173280e+02,1.169909e+02,1.166178e+02,1.162069e+02,1.157560e+02,1.152635e+02,1.147278e+02,1.141474e+02,1.135213e+02,1.128484e+02,1.121283e+02,1.113604e+02,1.105449e+02,1.096821e+02,1.087725e+02,1.078173e+02,1.068176e+02,1.057752e+02,1.046920e+02,1.035703e+02,1.024125e+02,1.012214e+02,1.000000e+02,
0.715,1.005513e+02,1.011182e+02,1.016981e+02,1.022882e+02,1.028860e+02,1.034888e+02,1.040939e+02,1.046988e+02,1.053010e+02,1.058982e+02,1.064882e+02,1.070689e+02,1.076384e+02,1.081950e+02,1.087372e+02,1.092636e+02,1.097730e+02,1.102645e+02,1.107372e+02,1.111907e+02,1.116243e+02,1.120379e+02,1.124312e+02,1.128044e+02,1.131575e+02,1.134907e+02,1.138045e+02,1.140992e+02,1.143754e+02,1.146337e+02,1.148746e+02,1.150988e+02,1.153071e+02,1.155002e+02,1.156788e+02,1.158438e+02,1.159957e+02,1.161355e+02,1.162638e+02,1.163813e+02,1.164888e+02,1.165870e+02,1.166765e+02,1.167579e+02,1.168318e+02,1.168989e+02,1.169596e+02,1.170144e+02,1.170640e+02,1.171086e+02,1.171487e+02,1.171848e+02,1.172171e+02,1.172461e+02,1.172720e+02,1.172952e+02,1.173158e+02,1.173342e+02,1.173506e+02,1.173651e+02,1.173780e+02,1.173894e+02,1.173995e+02,1.174084e+02,1.174163e+02,1.174232e+02,1.174294e+02,1.174347e+02,1.174394e+02,1.174436e+02,1.174472e+02,1.174504e+02,1.174531e+02,1.174555e+02,1.174576e+02,1.174595e+02,1.174611e+02,1.174625e+02,1.174637e+02,1.174647e+02,1.174656e+02,1.174664e+02,1.174671e+02,1.174676e+02,1.174681e+02,1.174686e+02,1.174689e+02,1.174693e+02,1.174695e+02,1.174698e+02,1.174700e+02,1.174701e+02,1.174703e+02,1.174704e+02,1.174705e+02,1.174706e+02,1.174707e+02,1.174708e+02,1.174708e+02,1.174709e+02,1.174709e+02,1.174709e+02,1.174710e+02,1.174710e+02,1.174710e+02,1.174710e+02,1.174710e+02,1.174710e+02,1.174711e+02,1.174711e+02,1.174711e+02,1.174711e+02,1.174711e+02,1.174711e+02,1.174711e+02,1.174711e+02,1.174711e+02,1.174711e+02,1.174711e+02,1.174711e+02,1.174711e+02,1.174711e+02,1.174711e+02,1.174711e+02,1.174711e+02,1.174711e+02,1.174711e+02,1.174711e+02,1.174711e+02,1.174711e+02,1.174711e+02,1.174711e+02,1.174711e+02,1.174711e+02,1.174711e+02,1.174711e+02,1.174711e+02,1.174711e+02,1.174710e+02,1.174710e+02,1.174709e+02,1.174709e+02,1.174707e+02,1.174705e+02,1.174702e+02,1.174698e+02,1.174693e+02,1.174685e+02,1.174675e+02,1.174661e+02,1.174642e+02,1.174617e+02,1.174584e+02,1.174542e+02,1.174488e+02,1.174419e+02,1.174331e+02,1.174222e+02,1.174086e+02,1.173918e+02,1.173712e+02,1.173460e+02,1.173157e+02,1.172791e+02,1.172354e+02,1.171836e+02,1.171223e+02,1.170504e+02,1.169664e+02,1.168689e+02,1.167563e+02,1.166268e+02,1.164788e+02,1.163104e+02,1.161198e+02,1.159050e+02,1.156641e+02,1.153951e+02,1.150961e+02,1.147653e+02,1.144009e+02,1.140012e+02,1.135645e+02,1.130896e+02,1.125750e+02,1.120198e+02,1.114231e+02,1.107843e+02,1.101032e+02,1.093796e+02,1.086138e+02,1.078063e+02,1.069579e+02,1.060696e+02,1.051430e+02,1.041797e+02,1.031814e+02,1.021505e+02,1.010892e+02,1.000000e+02,
0.72,1.004795e+02,1.009731e+02,1.014786e+02,1.019936e+02,1.025158e+02,1.030430e+02,1.035729e+02,1.041032e+02,1.046317e+02,1.051564e+02,1.056754e+02,1.061869e+02,1.066890e+02,1.071804e+02,1.076596e+02,1.081254e+02,1.085768e+02,1.090128e+02,1.094327e+02,1.098359e+02,1.102220e+02,1.105907e+02,1.109417e+02,1.112752e+02,1.115911e+02,1.118897e+02,1.121711e+02,1.124358e+02,1.126841e+02,1.129166e+02,1.131337e+02,1.133360e+02,1.135242e+02,1.136989e+02,1.138606e+02,1.140102e+02,1.141481e+02,1.142751e+02,1.143918e+02,1.144988e+02,1.145969e+02,1.146865e+02,1.147682e+02,1.148427e+02,1.149104e+02,1.149719e+02,1.150276e+02,1.150780e+02,1.151235e+02,1.151646e+02,1.152016e+02,1.152348e+02,1.152647e+02,1.152915e+02,1.153155e+02,1.153369e+02,1.153561e+02,1.153731e+02,1.153883e+02,1.154018e+02,1.154138e+02,1.154244e+02,1.154339e+02,1.154422e+02,1.154495e+02,1.154560e+02,1.154617e+02,1.154668e+02,1.154712e+02,1.154751e+02,1.154785e+02,1.154814e+02,1.154840e+02,1.154863e+02,1.154883e+02,1.154900e+02,1.154915e+02,1.154928e+02,1.154940e+02,1.154950e+02,1.154958e+02,1.154965e+02,1.154972e+02,1.154977e+02,1.154982e+02,1.154986e+02,1.154990e+02,1.154993e+02,1.154995e+02,1.154998e+02,1.155000e+02,1.155001e+02,1.155003e+02,1.155004e+02,1.155005e+02,1.155006e+02,1.155006e+02,1.155007e+02,1.155008e+02,1.155008e+02,1.155008e+02,1.155009e+02,1.155009e+02,1.155009e+02,1.155010e+02,1.155010e+02,1.155010e+02,1.155010e+02,1.155010e+02,1.155010e+02,1.155010e+02,1.155010e+02,1.155010e+02,1.155010e+02,1.155010e+02,1.155010e+02,1.155010e+02,1.155010e+02,1.155010e+02,1.155010e+02,1.155010e+02,1.155011e+02,1.155011e+02,1.155011e+02,1.155011e+02,1.155011e+02,1.155011e+02,1.155011e+02,1.155011e+02,1.155011e+02,1.155011e+02,1.155011e+02,1.155011e+02,1.155011e+02,1.155010e+02,1.155010e+02,1.155010e+02,1.155010e+02,1.155010e+02,1.155010e+02,1.155009e+02,1.155008e+02,1.155007e+02,1.155005e+02,1.155003e+02,1.154999e+02,1.154994e+02,1.154987e+02,1.154978e+02,1.154965e+02,1.154948e+02,1.154926e+02,1.154897e+02,1.154860e+02,1.154811e+02,1.154750e+02,1.154672e+02,1.154575e+02,1.154454e+02,1.154304e+02,1.154121e+02,1.153898e+02,1.153628e+02,1.153304e+02,1.152916e+02,1.152456e+02,1.151913e+02,1.151275e+02,1.150530e+02,1.149666e+02,1.148667e+02,1.147520e+02,1.146209e+02,1.144718e+02,1.143029e+02,1.141127e+02,1.138993e+02,1.136612e+02,1.133965e+02,1.131037e+02,1.127811e+02,1.124272e+02,1.120407e+02,1.116202e+02,1.111646e+02,1.106729e+02,1.101445e+02,1.095787e+02,1.089752e+02,1.083340e+02,1.076551e+02,1.069391e+02,1.061864e+02,1.053981e+02,1.045753e+02,1.037194e+02,1.028321e+02,1.019150e+02,1.009703e+02,1.000000e+02,
0.725,1.004165e+02,1.008457e+02,1.012857e+02,1.017345e+02,1.021902e+02,1.026507e+02,1.031140e+02,1.035782e+02,1.040415e+02,1.045019e+02,1.049579e+02,1.054076e+02,1.058498e+02,1.062830e+02,1.067059e+02,1.071175e+02,1.075168e+02,1.079030e+02,1.082754e+02,1.086334e+02,1.089766e+02,1.093048e+02,1.096177e+02,1.099152e+02,1.101974e+02,1.104644e+02,1.107164e+02,1.109537e+02,1.111765e+02,1.113854e+02,1.115808e+02,1.117630e+02,1.119328e+02,1.120904e+02,1.122367e+02,1.123720e+02,1.124969e+02,1.126121e+02,1.127181e+02,1.128154e+02,1.129046e+02,1.129862e+02,1.130608e+02,1.131288e+02,1.131906e+02,1.132469e+02,1.132979e+02,1.133441e+02,1.133859e+02,1.134237e+02,1.134577e+02,1.134883e+02,1.135158e+02,1.135405e+02,1.135627e+02,1.135825e+02,1.136002e+02,1.136160e+02,1.136301e+02,1.136426e+02,1.136538e+02,1.136636e+02,1.136724e+02,1.136801e+02,1.136870e+02,1.136931e+02,1.136984e+02,1.137031e+02,1.137072e+02,1.137108e+02,1.137140e+02,1.137168e+02,1.137193e+02,1.137214e+02,1.137233e+02,1.137249e+02,1.137263e+02,1.137275e+02,1.137286e+02,1.137295e+02,1.137304e+02,1.137311e+02,1.137317e+02,1.137322e+02,1.137326e+02,1.137330e+02,1.137334e+02,1.137336e+02,1.137339e+02,1.137341e+02,1.137343e+02,1.137344e+02,1.137346e+02,1.137347e+02,1.137348e+02,1.137349e+02,1.137349e+02,1.137350e+02,1.137351e+02,1.137351e+02,1.137351e+02,1.137352e+02,1.137352e+02,1.137352e+02,1.137352e+02,1.137353e+02,1.137353e+02,1.137353e+02,1.137353e+02,1.137353e+02,1.137353e+02,1.137353e+02,1.137353e+02,1.137353e+02,1.137353e+02,1.137353e+02,1.137353e+02,1.137353e+02,1.137353e+02,1.137353e+02,1.137353e+02,1.137353e+02,1.137353e+02,1.137353e+02,1.137353e+02,1.137353e+02,1.137353e+02,1.137353e+02,1.137353e+02,1.137353e+02,1.137353e+02,1.137353e+02,1.137353e+02,1.137353e+02,1.137353e+02,1.137353e+02,1.137353e+02,1.137353e+02,1.137353e+02,1.137353e+02,1.137352e+02,1.137351e+02,1.137350e+02,1.137349e+02,1.137346e+02,1.137343e+02,1.137339e+02,1.137333e+02,1.137324e+02,1.137313e+02,1.137298e+02,1.137278e+02,1.137252e+02,1.137219e+02,1.137176e+02,1.137122e+02,1.137053e+02,1.136966e+02,1.136859e+02,1.136726e+02,1.136564e+02,1.136366e+02,1.136127e+02,1.135840e+02,1.135497e+02,1.135089e+02,1.134608e+02,1.134044e+02,1.133385e+02,1.132620e+02,1.131737e+02,1.130723e+02,1.129563e+02,1.128244e+02,1.126752e+02,1.125070e+02,1.123184e+02,1.121079e+02,1.118740e+02,1.116152e+02,1.113301e+02,1.110173e+02,1.106756e+02,1.103039e+02,1.099011e+02,1.094663e+02,1.089990e+02,1.084985e+02,1.079645e+02,1.073969e+02,1.067959e+02,1.061616e+02,1.054947e+02,1.047959e+02,1.040661e+02,1.033065e+02,1.025185e+02,1.017036e+02,1.008634e+02,1.000000e+02,
0.73,1.003612e+02,1.007339e+02,1.011165e+02,1.015071e+02,1.019041e+02,1.023058e+02,1.027105e+02,1.031163e+02,1.035218e+02,1.039253e+02,1.043252e+02,1.047203e+02,1.051091e+02,1.054904e+02,1.058631e+02,1.062263e+02,1.065791e+02,1.069206e+02,1.072504e+02,1.075678e+02,1.078724e+02,1.081640e+02,1.084424e+02,1.087074e+02,1.089591e+02,1.091975e+02,1.094227e+02,1.096351e+02,1.098348e+02,1.100222e+02,1.101977e+02,1.103616e+02,1.105144e+02,1.106565e+02,1.107884e+02,1.109106e+02,1.110236e+02,1.111279e+02,1.112240e+02,1.113123e+02,1.113933e+02,1.114675e+02,1.115354e+02,1.115973e+02,1.116538e+02,1.117051e+02,1.117518e+02,1.117941e+02,1.118324e+02,1.118670e+02,1.118982e+02,1.119264e+02,1.119517e+02,1.119744e+02,1.119948e+02,1.120131e+02,1.120294e+02,1.120440e+02,1.120571e+02,1.120687e+02,1.120790e+02,1.120882e+02,1.120963e+02,1.121035e+02,1.121099e+02,1.121155e+02,1.121205e+02,1.121249e+02,1.121287e+02,1.121321e+02,1.121351e+02,1.121377e+02,1.121400e+02,1.121420e+02,1.121437e+02,1.121453e+02,1.121466e+02,1.121478e+02,1.121488e+02,1.121496e+02,1.121504e+02,1.121511e+02,1.121516e+02,1.121521e+02,1.121526e+02,1.121529e+02,1.121532e+02,1.121535e+02,1.121538e+02,1.121540e+02,1.121541e+02,1.121543e+02,1.121544e+02,1.121545e+02,1.121546e+02,1.121547e+02,1.121548e+02,1.121548e+02,1.121549e+02,1.121549e+02,1.121549e+02,1.121550e+02,1.121550e+02,1.121550e+02,1.121550e+02,1.121551e+02,1.121551e+02,1.121551e+02,1.121551e+02,1.121551e+02,1.121551e+02,1.121551e+02,1.121551e+02,1.121551e+02,1.121551e+02,1.121551e+02,1.121551e+02,1.121551e+02,1.121551e+02,1.121551e+02,1.121551e+02,1.121551e+02,1.121551e+02,1.121551e+02,1.121551e+02,1.121551e+02,1.121551e+02,1.121551e+02,1.121551e+02,1.121551e+02,1.121551e+02,1.121551e+02,1.121551e+02,1.121551e+02,1.121551e+02,1.121551e+02,1.121551e+02,1.121551e+02,1.121551e+02,1.121551e+02,1.121550e+02,1.121550e+02,1.121549e+02,1.121547e+02,1.121545e+02,1.121542e+02,1.121538e+02,1.121533e+02,1.121525e+02,1.121515e+02,1.121502e+02,1.121485e+02,1.121462e+02,1.121432e+02,1.121394e+02,1.121346e+02,1.121285e+02,1.121208e+02,1.121113e+02,1.120996e+02,1.120853e+02,1.120678e+02,1.120466e+02,1.120212e+02,1.119909e+02,1.119549e+02,1.119124e+02,1.118626e+02,1.118044e+02,1.117369e+02,1.116589e+02,1.115694e+02,1.114671e+02,1.113507e+02,1.112189e+02,1.110705e+02,1.109041e+02,1.107184e+02,1.105120e+02,1.102836e+02,1.100320e+02,1.097559e+02,1.094544e+02,1.091262e+02,1.087706e+02,1.083867e+02,1.079739e+02,1.075318e+02,1.070599e+02,1.065581e+02,1.060266e+02,1.054655e+02,1.048752e+02,1.042563e+02,1.036097e+02,1.029363e+02,1.022373e+02,1.015139e+02,1.007676e+02,1.000000e+02,
0.735,1.003129e+02,1.006361e+02,1.009682e+02,1.013078e+02,1.016532e+02,1.020032e+02,1.023561e+02,1.027104e+02,1.030648e+02,1.034179e+02,1.037683e+02,1.041148e+02,1.044562e+02,1.047914e+02,1.051194e+02,1.054394e+02,1.057506e+02,1.060522e+02,1.063438e+02,1.066248e+02,1.068947e+02,1.071535e+02,1.074008e+02,1.076365e+02,1.078606e+02,1.080731e+02,1.082741e+02,1.084639e+02,1.086426e+02,1.088104e+02,1.089677e+02,1.091148e+02,1.092521e+02,1.093800e+02,1.094988e+02,1.096090e+02,1.097111e+02,1.098053e+02,1.098922e+02,1.099722e+02,1.100456e+02,1.101130e+02,1.101747e+02,1.102310e+02,1.102825e+02,1.103293e+02,1.103718e+02,1.104105e+02,1.104455e+02,1.104771e+02,1.105058e+02,1.105316e+02,1.105548e+02,1.105757e+02,1.105945e+02,1.106113e+02,1.106264e+02,1.106398e+02,1.106519e+02,1.106626e+02,1.106721e+02,1.106806e+02,1.106882e+02,1.106948e+02,1.107008e+02,1.107060e+02,1.107106e+02,1.107147e+02,1.107183e+02,1.107214e+02,1.107242e+02,1.107267e+02,1.107288e+02,1.107307e+02,1.107323e+02,1.107338e+02,1.107350e+02,1.107361e+02,1.107370e+02,1.107379e+02,1.107386e+02,1.107392e+02,1.107397e+02,1.107402e+02,1.107406e+02,1.107410e+02,1.107413e+02,1.107415e+02,1.107417e+02,1.107419e+02,1.107421e+02,1.107422e+02,1.107424e+02,1.107425e+02,1.107426e+02,1.107426e+02,1.107427e+02,1.107427e+02,1.107428e+02,1.107428e+02,1.107429e+02,1.107429e+02,1.107429e+02,1.107429e+02,1.107430e+02,1.107430e+02,1.107430e+02,1.107430e+02,1.107430e+02,1.107430e+02,1.107430e+02,1.107430e+02,1.107430e+02,1.107430e+02,1.107430e+02,1.107430e+02,1.107430e+02,1.107430e+02,1.107430e+02,1.107430e+02,1.107430e+02,1.107430e+02,1.107430e+02,1.107431e+02,1.107431e+02,1.107431e+02,1.107431e+02,1.107431e+02,1.107431e+02,1.107431e+02,1.107431e+02,1.107431e+02,1.107431e+02,1.107431e+02,1.107430e+02,1.107430e+02,1.107430e+02,1.107430e+02,1.107430e+02,1.107430e+02,1.107429e+02,1.107429e+02,1.107428e+02,1.107427e+02,1.107425e+02,1.107422e+02,1.107419e+02,1.107414e+02,1.107408e+02,1.107399e+02,1.107387e+02,1.107371e+02,1.107351e+02,1.107325e+02,1.107291e+02,1.107249e+02,1.107195e+02,1.107127e+02,1.107044e+02,1.106940e+02,1.106813e+02,1.106659e+02,1.106473e+02,1.106249e+02,1.105981e+02,1.105664e+02,1.105290e+02,1.104850e+02,1.104338e+02,1.103743e+02,1.103056e+02,1.102267e+02,1.101365e+02,1.100340e+02,1.099180e+02,1.097872e+02,1.096407e+02,1.094770e+02,1.092952e+02,1.090940e+02,1.088723e+02,1.086290e+02,1.083632e+02,1.080740e+02,1.077604e+02,1.074219e+02,1.070578e+02,1.066676e+02,1.062512e+02,1.058082e+02,1.053387e+02,1.048428e+02,1.043209e+02,1.037735e+02,1.032013e+02,1.026049e+02,1.019855e+02,1.013440e+02,1.006817e+02,1.000000e+02,
0.74,1.002707e+02,1.005506e+02,1.008385e+02,1.011333e+02,1.014335e+02,1.017379e+02,1.020453e+02,1.023543e+02,1.026636e+02,1.029722e+02,1.032787e+02,1.035822e+02,1.038815e+02,1.041758e+02,1.044641e+02,1.047457e+02,1.050198e+02,1.052858e+02,1.055432e+02,1.057915e+02,1.060305e+02,1.062597e+02,1.064790e+02,1.066883e+02,1.068875e+02,1.070767e+02,1.072559e+02,1.074251e+02,1.075847e+02,1.077348e+02,1.078756e+02,1.080074e+02,1.081306e+02,1.082455e+02,1.083523e+02,1.084515e+02,1.085435e+02,1.086285e+02,1.087070e+02,1.087793e+02,1.088458e+02,1.089068e+02,1.089628e+02,1.090139e+02,1.090606e+02,1.091032e+02,1.091420e+02,1.091772e+02,1.092092e+02,1.092381e+02,1.092643e+02,1.092879e+02,1.093092e+02,1.093284e+02,1.093456e+02,1.093611e+02,1.093749e+02,1.093873e+02,1.093984e+02,1.094083e+02,1.094171e+02,1.094249e+02,1.094319e+02,1.094381e+02,1.094436e+02,1.094484e+02,1.094527e+02,1.094565e+02,1.094599e+02,1.094628e+02,1.094654e+02,1.094677e+02,1.094697e+02,1.094714e+02,1.094730e+02,1.094743e+02,1.094755e+02,1.094765e+02,1.094774e+02,1.094782e+02,1.094788e+02,1.094794e+02,1.094799e+02,1.094804e+02,1.094807e+02,1.094811e+02,1.094813e+02,1.094816e+02,1.094818e+02,1.094820e+02,1.094821e+02,1.094823e+02,1.094824e+02,1.094825e+02,1.094826e+02,1.094826e+02,1.094827e+02,1.094828e+02,1.094828e+02,1.094828e+02,1.094829e+02,1.094829e+02,1.094829e+02,1.094829e+02,1.094830e+02,1.094830e+02,1.094830e+02,1.094830e+02,1.094830e+02,1.094830e+02,1.094830e+02,1.094830e+02,1.094830e+02,1.094830e+02,1.094830e+02,1.094830e+02,1.094830e+02,1.094830e+02,1.094830e+02,1.094830e+02,1.094830e+02,1.094830e+02,1.094830e+02,1.094830e+02,1.094830e+02,1.094830e+02,1.094830e+02,1.094830e+02,1.094830e+02,1.094830e+02,1.094830e+02,1.094830e+02,1.094830e+02,1.094830e+02,1.094830e+02,1.094830e+02,1.094830e+02,1.094830e+02,1.094830e+02,1.094830e+02,1.094830e+02,1.094829e+02,1.094828e+02,1.094827e+02,1.094826e+02,1.094823e+02,1.094820e+02,1.094816e+02,1.094810e+02,1.094802e+02,1.094792e+02,1.094778e+02,1.094760e+02,1.094737e+02,1.094708e+02,1.094670e+02,1.094623e+02,1.094563e+02,1.094489e+02,1.094398e+02,1.094287e+02,1.094151e+02,1.093987e+02,1.093790e+02,1.093555e+02,1.093275e+02,1.092946e+02,1.092560e+02,1.092109e+02,1.091586e+02,1.090981e+02,1.090288e+02,1.089495e+02,1.088593e+02,1.087573e+02,1.086423e+02,1.085134e+02,1.083695e+02,1.082095e+02,1.080325e+02,1.078375e+02,1.076235e+02,1.073895e+02,1.071349e+02,1.068589e+02,1.065607e+02,1.062400e+02,1.058962e+02,1.055290e+02,1.051384e+02,1.047242e+02,1.042865e+02,1.038257e+02,1.033420e+02,1.028361e+02,1.023085e+02,1.017602e+02,1.011919e+02,1.006048e+02,1.000000e+02,
0.745,1.002338e+02,1.004759e+02,1.007252e+02,1.009807e+02,1.012413e+02,1.015058e+02,1.017732e+02,1.020422e+02,1.023119e+02,1.025812e+02,1.028490e+02,1.031144e+02,1.033766e+02,1.036345e+02,1.038876e+02,1.041349e+02,1.043760e+02,1.046103e+02,1.048372e+02,1.050564e+02,1.052675e+02,1.054703e+02,1.056645e+02,1.058501e+02,1.060270e+02,1.061951e+02,1.063545e+02,1.065052e+02,1.066475e+02,1.067815e+02,1.069073e+02,1.070253e+02,1.071356e+02,1.072386e+02,1.073345e+02,1.074237e+02,1.075064e+02,1.075830e+02,1.076537e+02,1.077190e+02,1.077791e+02,1.078343e+02,1.078849e+02,1.079313e+02,1.079737e+02,1.080124e+02,1.080476e+02,1.080797e+02,1.081088e+02,1.081352e+02,1.081590e+02,1.081806e+02,1.082001e+02,1.082177e+02,1.082334e+02,1.082476e+02,1.082604e+02,1.082718e+02,1.082819e+02,1.082911e+02,1.082992e+02,1.083064e+02,1.083128e+02,1.083186e+02,1.083236e+02,1.083281e+02,1.083321e+02,1.083356e+02,1.083387e+02,1.083415e+02,1.083439e+02,1.083460e+02,1.083478e+02,1.083495e+02,1.083509e+02,1.083522e+02,1.083532e+02,1.083542e+02,1.083550e+02,1.083558e+02,1.083564e+02,1.083569e+02,1.083574e+02,1.083578e+02,1.083582e+02,1.083585e+02,1.083588e+02,1.083590e+02,1.083592e+02,1.083594e+02,1.083595e+02,1.083596e+02,1.083597e+02,1.083598e+02,1.083599e+02,1.083600e+02,1.083600e+02,1.083601e+02,1.083601e+02,1.083602e+02,1.083602e+02,1.083602e+02,1.083602e+02,1.083603e+02,1.083603e+02,1.083603e+02,1.083603e+02,1.083603e+02,1.083603e+02,1.083603e+02,1.083603e+02,1.083603e+02,1.083603e+02,1.083604e+02,1.083604e+02,1.083604e+02,1.083604e+02,1.083604e+02,1.083604e+02,1.083604e+02,1.083604e+02,1.083604e+02,1.083604e+02,1.083604e+02,1.083604e+02,1.083604e+02,1.083604e+02,1.083604e+02,1.083604e+02,1.083604e+02,1.083604e+02,1.083604e+02,1.083604e+02,1.083604e+02,1.083604e+02,1.083604e+02,1.083604e+02,1.083603e+02,1.083603e+02,1.083603e+02,1.083603e+02,1.083602e+02,1.083602e+02,1.083601e+02,1.083599e+02,1.083597e+02,1.083595e+02,1.083591e+02,1.083586e+02,1.083579e+02,1.083570e+02,1.083558e+02,1.083542e+02,1.083522e+02,1.083496e+02,1.083463e+02,1.083421e+02,1.083369e+02,1.083304e+02,1.083224e+02,1.083126e+02,1.083007e+02,1.082862e+02,1.082689e+02,1.082483e+02,1.082238e+02,1.081949e+02,1.081609e+02,1.081214e+02,1.080754e+02,1.080224e+02,1.079615e+02,1.078919e+02,1.078128e+02,1.077232e+02,1.076223e+02,1.075091e+02,1.073827e+02,1.072422e+02,1.070868e+02,1.069154e+02,1.067274e+02,1.065218e+02,1.062980e+02,1.060552e+02,1.057930e+02,1.055108e+02,1.052083e+02,1.048850e+02,1.045409e+02,1.041759e+02,1.037901e+02,1.033836e+02,1.029567e+02,1.025099e+02,1.020437e+02,1.015588e+02,1.010560e+02,1.005361e+02,1.000000e+02,
0.75,1.002017e+02,1.004108e+02,1.006264e+02,1.008476e+02,1.010735e+02,1.013030e+02,1.015352e+02,1.017692e+02,1.020040e+02,1.022387e+02,1.024724e+02,1.027042e+02,1.029334e+02,1.031593e+02,1.033810e+02,1.035980e+02,1.038098e+02,1.040158e+02,1.042156e+02,1.044088e+02,1.045950e+02,1.047742e+02,1.049459e+02,1.051102e+02,1.052670e+02,1.054161e+02,1.055577e+02,1.056918e+02,1.058185e+02,1.059379e+02,1.060501e+02,1.061555e+02,1.062542e+02,1.063464e+02,1.064323e+02,1.065123e+02,1.065866e+02,1.066554e+02,1.067191e+02,1.067779e+02,1.068321e+02,1.068820e+02,1.069278e+02,1.069697e+02,1.070081e+02,1.070432e+02,1.070752e+02,1.071043e+02,1.071308e+02,1.071548e+02,1.071765e+02,1.071962e+02,1.072140e+02,1.072301e+02,1.072445e+02,1.072575e+02,1.072691e+02,1.072796e+02,1.072890e+02,1.072973e+02,1.073048e+02,1.073115e+02,1.073174e+02,1.073227e+02,1.073273e+02,1.073315e+02,1.073352e+02,1.073384e+02,1.073413e+02,1.073438e+02,1.073461e+02,1.073480e+02,1.073498e+02,1.073513e+02,1.073526e+02,1.073538e+02,1.073548e+02,1.073557e+02,1.073565e+02,1.073571e+02,1.073577e+02,1.073582e+02,1.073587e+02,1.073591e+02,1.073594e+02,1.073597e+02,1.073600e+02,1.073602e+02,1.073604e+02,1.073605e+02,1.073607e+02,1.073608e+02,1.073609e+02,1.073610e+02,1.073610e+02,1.073611e+02,1.073612e+02,1.073612e+02,1.073613e+02,1.073613e+02,1.073613e+02,1.073613e+02,1.073614e+02,1.073614e+02,1.073614e+02,1.073614e+02,1.073614e+02,1.073614e+02,1.073614e+02,1.073614e+02,1.073615e+02,1.073615e+02,1.073615e+02,1.073615e+02,1.073615e+02,1.073615e+02,1.073615e+02,1.073615e+02,1.073615e+02,1.073615e+02,1.073615e+02,1.073615e+02,1.073615e+02,1.073615e+02,1.073615e+02,1.073615e+02,1.073615e+02,1.073615e+02,1.073615e+02,1.073615e+02,1.073615e+02,1.073615e+02,1.073615e+02,1.073615e+02,1.073615e+02,1.073615e+02,1.073615e+02,1.073615e+02,1.073615e+02,1.073614e+02,1.073614e+02,1.073614e+02,1.073613e+02,1.073612e+02,1.073611e+02,1.073609e+02,1.073607e+02,1.073604e+02,1.073599e+02,1.073593e+02,1.073585e+02,1.073574e+02,1.073561e+02,1.073543e+02,1.073520e+02,1.073491e+02,1.073454e+02,1.073409e+02,1.073352e+02,1.073282e+02,1.073196e+02,1.073091e+02,1.072965e+02,1.072813e+02,1.072632e+02,1.072418e+02,1.072164e+02,1.071867e+02,1.071520e+02,1.071118e+02,1.070653e+02,1.070120e+02,1.069510e+02,1.068816e+02,1.068031e+02,1.067146e+02,1.066154e+02,1.065046e+02,1.063815e+02,1.062451e+02,1.060948e+02,1.059298e+02,1.057494e+02,1.055529e+02,1.053398e+02,1.051095e+02,1.048615e+02,1.045956e+02,1.043113e+02,1.040086e+02,1.036873e+02,1.033476e+02,1.029894e+02,1.026131e+02,1.022189e+02,1.018074e+02,1.013791e+02,1.009346e+02,1.004746e+02,1.000000e+02,
0.755,1.001738e+02,1.003541e+02,1.005404e+02,1.007316e+02,1.009271e+02,1.011260e+02,1.013274e+02,1.015307e+02,1.017348e+02,1.019391e+02,1.021427e+02,1.023449e+02,1.025451e+02,1.027425e+02,1.029366e+02,1.031268e+02,1.033125e+02,1.034934e+02,1.036690e+02,1.038390e+02,1.040032e+02,1.041611e+02,1.043128e+02,1.044581e+02,1.045968e+02,1.047289e+02,1.048545e+02,1.049735e+02,1.050861e+02,1.051924e+02,1.052924e+02,1.053864e+02,1.054745e+02,1.055569e+02,1.056338e+02,1.057054e+02,1.057721e+02,1.058339e+02,1.058911e+02,1.059440e+02,1.059928e+02,1.060377e+02,1.060790e+02,1.061169e+02,1.061516e+02,1.061834e+02,1.062123e+02,1.062388e+02,1.062628e+02,1.062846e+02,1.063044e+02,1.063223e+02,1.063385e+02,1.063532e+02,1.063663e+02,1.063782e+02,1.063889e+02,1.063985e+02,1.064070e+02,1.064147e+02,1.064216e+02,1.064277e+02,1.064331e+02,1.064380e+02,1.064423e+02,1.064461e+02,1.064495e+02,1.064525e+02,1.064552e+02,1.064576e+02,1.064596e+02,1.064614e+02,1.064630e+02,1.064645e+02,1.064657e+02,1.064668e+02,1.064677e+02,1.064686e+02,1.064693e+02,1.064699e+02,1.064705e+02,1.064709e+02,1.064714e+02,1.064717e+02,1.064720e+02,1.064723e+02,1.064725e+02,1.064728e+02,1.064729e+02,1.064731e+02,1.064732e+02,1.064733e+02,1.064734e+02,1.064735e+02,1.064736e+02,1.064736e+02,1.064737e+02,1.064737e+02,1.064738e+02,1.064738e+02,1.064738e+02,1.064739e+02,1.064739e+02,1.064739e+02,1.064739e+02,1.064739e+02,1.064739e+02,1.064739e+02,1.064739e+02,1.064740e+02,1.064740e+02,1.064740e+02,1.064740e+02,1.064740e+02,1.064740e+02,1.064740e+02,1.064740e+02,1.064740e+02,1.064740e+02,1.064740e+02,1.064740e+02,1.064740e+02,1.064740e+02,1.064740e+02,1.064740e+02,1.064740e+02,1.064740e+02,1.064740e+02,1.064740e+02,1.064740e+02,1.064740e+02,1.064740e+02,1.064740e+02,1.064740e+02,1.064740e+02,1.064740e+02,1.064740e+02,1.064740e+02,1.064740e+02,1.064739e+02,1.064739e+02,1.064739e+02,1.064738e+02,1.064738e+02,1.064737e+02,1.064735e+02,1.064733e+02,1.064730e+02,1.064726e+02,1.064721e+02,1.064714e+02,1.064704e+02,1.064692e+02,1.064677e+02,1.064657e+02,1.064631e+02,1.064599e+02,1.064559e+02,1.064510e+02,1.064448e+02,1.064373e+02,1.064282e+02,1.064171e+02,1.064039e+02,1.063881e+02,1.063693e+02,1.063471e+02,1.063211e+02,1.062908e+02,1.062556e+02,1.062150e+02,1.061683e+02,1.061149e+02,1.060543e+02,1.059856e+02,1.059082e+02,1.058213e+02,1.057243e+02,1.056165e+02,1.054971e+02,1.053654e+02,1.052209e+02,1.050628e+02,1.048905e+02,1.047036e+02,1.045016e+02,1.042840e+02,1.040505e+02,1.038009e+02,1.035349e+02,1.032525e+02,1.029536e+02,1.026384e+02,1.023070e+02,1.019596e+02,1.015968e+02,1.012188e+02,1.008263e+02,1.004198e+02,1.000000e+02,
0.76,1.001495e+02,1.003049e+02,1.004655e+02,1.006306e+02,1.007996e+02,1.009717e+02,1.011463e+02,1.013225e+02,1.014998e+02,1.016774e+02,1.018545e+02,1.020307e+02,1.022053e+02,1.023777e+02,1.025473e+02,1.027137e+02,1.028764e+02,1.030350e+02,1.031892e+02,1.033386e+02,1.034830e+02,1.036221e+02,1.037559e+02,1.038841e+02,1.040066e+02,1.041235e+02,1.042348e+02,1.043403e+02,1.044402e+02,1.045346e+02,1.046236e+02,1.047073e+02,1.047858e+02,1.048594e+02,1.049281e+02,1.049921e+02,1.050517e+02,1.051071e+02,1.051585e+02,1.052060e+02,1.052498e+02,1.052903e+02,1.053275e+02,1.053616e+02,1.053930e+02,1.054217e+02,1.054479e+02,1.054718e+02,1.054936e+02,1.055134e+02,1.055313e+02,1.055476e+02,1.055624e+02,1.055757e+02,1.055877e+02,1.055985e+02,1.056083e+02,1.056170e+02,1.056249e+02,1.056319e+02,1.056382e+02,1.056438e+02,1.056488e+02,1.056533e+02,1.056572e+02,1.056608e+02,1.056639e+02,1.056667e+02,1.056691e+02,1.056713e+02,1.056732e+02,1.056749e+02,1.056764e+02,1.056777e+02,1.056788e+02,1.056798e+02,1.056807e+02,1.056815e+02,1.056822e+02,1.056828e+02,1.056833e+02,1.056837e+02,1.056841e+02,1.056844e+02,1.056847e+02,1.056850e+02,1.056852e+02,1.056854e+02,1.056856e+02,1.056857e+02,1.056858e+02,1.056859e+02,1.056860e+02,1.056861e+02,1.056862e+02,1.056862e+02,1.056863e+02,1.056863e+02,1.056864e+02,1.056864e+02,1.056864e+02,1.056864e+02,1.056865e+02,1.056865e+02,1.056865e+02,1.056865e+02,1.056865e+02,1.056865e+02,1.056865e+02,1.056865e+02,1.056865e+02,1.056865e+02,1.056866e+02,1.056866e+02,1.056866e+02,1.056866e+02,1.056866e+02,1.056866e+02,1.056866e+02,1.056866e+02,1.056866e+02,1.056866e+02,1.056866e+02,1.056866e+02,1.056866e+02,1.056866e+02,1.056866e+02,1.056866e+02,1.056866e+02,1.056866e+02,1.056866e+02,1.056866e+02,1.056866e+02,1.056866e+02,1.056866e+02,1.056866e+02,1.056866e+02,1.056866e+02,1.056865e+02,1.056865e+02,1.056865e+02,1.056865e+02,1.056864e+02,1.056864e+02,1.056863e+02,1.056861e+02,1.056860e+02,1.056857e+02,1.056854e+02,1.056849e+02,1.056843e+02,1.056835e+02,1.056824e+02,1.056811e+02,1.056793e+02,1.056771e+02,1.056743e+02,1.056708e+02,1.056665e+02,1.056611e+02,1.056546e+02,1.056466e+02,1.056369e+02,1.056254e+02,1.056116e+02,1.055952e+02,1.055758e+02,1.055531e+02,1.055267e+02,1.054959e+02,1.054605e+02,1.054197e+02,1.053731e+02,1.053201e+02,1.052601e+02,1.051925e+02,1.051166e+02,1.050318e+02,1.049375e+02,1.048331e+02,1.047180e+02,1.045915e+02,1.044531e+02,1.043024e+02,1.041387e+02,1.039617e+02,1.037710e+02,1.035662e+02,1.033472e+02,1.031138e+02,1.028658e+02,1.026032e+02,1.023261e+02,1.020346e+02,1.017289e+02,1.014092e+02,1.010761e+02,1.007298e+02,1.003709e+02,1.000000e+02,
0.765,1.001285e+02,1.002622e+02,1.004005e+02,1.005429e+02,1.006888e+02,1.008375e+02,1.009886e+02,1.011412e+02,1.012949e+02,1.014491e+02,1.016031e+02,1.017564e+02,1.019084e+02,1.020587e+02,1.022067e+02,1.023521e+02,1.024945e+02,1.026334e+02,1.027685e+02,1.028996e+02,1.030265e+02,1.031489e+02,1.032666e+02,1.033796e+02,1.034878e+02,1.035910e+02,1.036894e+02,1.037828e+02,1.038714e+02,1.039551e+02,1.040341e+02,1.041085e+02,1.041784e+02,1.042439e+02,1.043052e+02,1.043624e+02,1.044157e+02,1.044652e+02,1.045112e+02,1.045538e+02,1.045932e+02,1.046295e+02,1.046630e+02,1.046937e+02,1.047220e+02,1.047478e+02,1.047715e+02,1.047931e+02,1.048128e+02,1.048307e+02,1.048470e+02,1.048618e+02,1.048752e+02,1.048873e+02,1.048982e+02,1.049081e+02,1.049170e+02,1.049250e+02,1.049321e+02,1.049386e+02,1.049443e+02,1.049495e+02,1.049541e+02,1.049581e+02,1.049618e+02,1.049650e+02,1.049679e+02,1.049705e+02,1.049727e+02,1.049747e+02,1.049765e+02,1.049780e+02,1.049794e+02,1.049806e+02,1.049817e+02,1.049826e+02,1.049834e+02,1.049842e+02,1.049848e+02,1.049853e+02,1.049858e+02,1.049862e+02,1.049866e+02,1.049869e+02,1.049872e+02,1.049874e+02,1.049876e+02,1.049878e+02,1.049880e+02,1.049881e+02,1.049882e+02,1.049883e+02,1.049884e+02,1.049885e+02,1.049885e+02,1.049886e+02,1.049886e+02,1.049887e+02,1.049887e+02,1.049887e+02,1.049888e+02,1.049888e+02,1.049888e+02,1.049888e+02,1.049888e+02,1.049888e+02,1.049889e+02,1.049889e+02,1.049889e+02,1.049889e+02,1.049889e+02,1.049889e+02,1.049889e+02,1.049889e+02,1.049889e+02,1.049889e+02,1.049889e+02,1.049889e+02,1.049889e+02,1.049889e+02,1.049889e+02,1.049889e+02,1.049889e+02,1.049889e+02,1.049889e+02,1.049889e+02,1.049889e+02,1.049889e+02,1.049889e+02,1.049889e+02,1.049889e+02,1.049889e+02,1.049889e+02,1.049889e+02,1.049889e+02,1.049889e+02,1.049889e+02,1.049889e+02,1.049889e+02,1.049889e+02,1.049889e+02,1.049888e+02,1.049888e+02,1.049887e+02,1.049886e+02,1.049885e+02,1.049884e+02,1.049881e+02,1.049878e+02,1.049874e+02,1.049869e+02,1.049862e+02,1.049853e+02,1.049841e+02,1.049826e+02,1.049807e+02,1.049782e+02,1.049752e+02,1.049714e+02,1.049667e+02,1.049610e+02,1.049541e+02,1.049457e+02,1.049356e+02,1.049236e+02,1.049093e+02,1.048924e+02,1.048727e+02,1.048496e+02,1.048228e+02,1.047919e+02,1.047564e+02,1.047158e+02,1.046695e+02,1.046172e+02,1.045582e+02,1.044920e+02,1.044180e+02,1.043357e+02,1.042445e+02,1.041440e+02,1.040335e+02,1.039125e+02,1.037807e+02,1.036376e+02,1.034827e+02,1.033158e+02,1.031365e+02,1.029446e+02,1.027399e+02,1.025224e+02,1.022920e+02,1.020486e+02,1.017925e+02,1.015237e+02,1.012424e+02,1.009491e+02,1.006439e+02,1.003274e+02,1.000000e+02,
0.77,1.001102e+02,1.002251e+02,1.003441e+02,1.004667e+02,1.005925e+02,1.007209e+02,1.008514e+02,1.009835e+02,1.011166e+02,1.012502e+02,1.013839e+02,1.015171e+02,1.016493e+02,1.017802e+02,1.019092e+02,1.020361e+02,1.021604e+02,1.022819e+02,1.024002e+02,1.025151e+02,1.026264e+02,1.027339e+02,1.028374e+02,1.029369e+02,1.030322e+02,1.031233e+02,1.032101e+02,1.032927e+02,1.033711e+02,1.034452e+02,1.035153e+02,1.035814e+02,1.036435e+02,1.037017e+02,1.037563e+02,1.038073e+02,1.038549e+02,1.038991e+02,1.039402e+02,1.039783e+02,1.040136e+02,1.040462e+02,1.040762e+02,1.041039e+02,1.041293e+02,1.041526e+02,1.041739e+02,1.041934e+02,1.042112e+02,1.042274e+02,1.042422e+02,1.042556e+02,1.042677e+02,1.042787e+02,1.042886e+02,1.042976e+02,1.043057e+02,1.043129e+02,1.043195e+02,1.043253e+02,1.043306e+02,1.043353e+02,1.043395e+02,1.043432e+02,1.043466e+02,1.043496e+02,1.043522e+02,1.043545e+02,1.043566e+02,1.043585e+02,1.043601e+02,1.043615e+02,1.043628e+02,1.043639e+02,1.043649e+02,1.043658e+02,1.043665e+02,1.043672e+02,1.043678e+02,1.043683e+02,1.043687e+02,1.043691e+02,1.043694e+02,1.043697e+02,1.043700e+02,1.043702e+02,1.043704e+02,1.043706e+02,1.043707e+02,1.043708e+02,1.043710e+02,1.043711e+02,1.043711e+02,1.043712e+02,1.043713e+02,1.043713e+02,1.043714e+02,1.043714e+02,1.043714e+02,1.043715e+02,1.043715e+02,1.043715e+02,1.043715e+02,1.043715e+02,1.043715e+02,1.043716e+02,1.043716e+02,1.043716e+02,1.043716e+02,1.043716e+02,1.043716e+02,1.043716e+02,1.043716e+02,1.043716e+02,1.043716e+02,1.043716e+02,1.043716e+02,1.043716e+02,1.043716e+02,1.043716e+02,1.043716e+02,1.043716e+02,1.043716e+02,1.043716e+02,1.043716e+02,1.043716e+02,1.043716e+02,1.043716e+02,1.043716e+02,1.043716e+02,1.043716e+02,1.043716e+02,1.043716e+02,1.043716e+02,1.043716e+02,1.043716e+02,1.043716e+02,1.043716e+02,1.043716e+02,1.043716e+02,1.043716e+02,1.043715e+02,1.043715e+02,1.043715e+02,1.043714e+02,1.043713e+02,1.043711e+02,1.043710e+02,1.043707e+02,1.043703e+02,1.043699e+02,1.043693e+02,1.043685e+02,1.043674e+02,1.043661e+02,1.043644e+02,1.043623e+02,1.043597e+02,1.043564e+02,1.043523e+02,1.043474e+02,1.043413e+02,1.043340e+02,1.043253e+02,1.043148e+02,1.043024e+02,1.042877e+02,1.042705e+02,1.042505e+02,1.042272e+02,1.042003e+02,1.041694e+02,1.041340e+02,1.040938e+02,1.040482e+02,1.039968e+02,1.039391e+02,1.038747e+02,1.038029e+02,1.037234e+02,1.036357e+02,1.035393e+02,1.034337e+02,1.033186e+02,1.031936e+02,1.030583e+02,1.029123e+02,1.027555e+02,1.025876e+02,1.024084e+02,1.022178e+02,1.020158e+02,1.018024e+02,1.015775e+02,1.013414e+02,1.010942e+02,1.008362e+02,1.005676e+02,1.002887e+02,1.000000e+02,
0.775,1.000945e+02,1.001930e+02,1.002953e+02,1.004007e+02,1.005090e+02,1.006197e+02,1.007324e+02,1.008465e+02,1.009616e+02,1.010773e+02,1.011932e+02,1.013087e+02,1.014236e+02,1.015374e+02,1.016497e+02,1.017603e+02,1.018687e+02,1.019748e+02,1.020783e+02,1.021788e+02,1.022763e+02,1.023706e+02,1.024615e+02,1.025489e+02,1.026327e+02,1.027130e+02,1.027895e+02,1.028624e+02,1.029317e+02,1.029973e+02,1.030593e+02,1.031179e+02,1.031730e+02,1.032247e+02,1.032733e+02,1.033186e+02,1.033610e+02,1.034005e+02,1.034372e+02,1.034713e+02,1.035028e+02,1.035320e+02,1.035589e+02,1.035837e+02,1.036066e+02,1.036275e+02,1.036467e+02,1.036643e+02,1.036803e+02,1.036949e+02,1.037083e+02,1.037204e+02,1.037314e+02,1.037413e+02,1.037503e+02,1.037585e+02,1.037658e+02,1.037724e+02,1.037784e+02,1.037837e+02,1.037885e+02,1.037928e+02,1.037966e+02,1.038001e+02,1.038031e+02,1.038058e+02,1.038083e+02,1.038104e+02,1.038123e+02,1.038140e+02,1.038155e+02,1.038168e+02,1.038180e+02,1.038190e+02,1.038199e+02,1.038207e+02,1.038214e+02,1.038220e+02,1.038226e+02,1.038231e+02,1.038235e+02,1.038238e+02,1.038241e+02,1.038244e+02,1.038247e+02,1.038249e+02,1.038250e+02,1.038252e+02,1.038253e+02,1.038254e+02,1.038255e+02,1.038256e+02,1.038257e+02,1.038258e+02,1.038258e+02,1.038259e+02,1.038259e+02,1.038260e+02,1.038260e+02,1.038260e+02,1.038260e+02,1.038261e+02,1.038261e+02,1.038261e+02,1.038261e+02,1.038261e+02,1.038261e+02,1.038261e+02,1.038261e+02,1.038261e+02,1.038261e+02,1.038261e+02,1.038261e+02,1.038261e+02,1.038261e+02,1.038262e+02,1.038262e+02,1.038262e+02,1.038262e+02,1.038262e+02,1.038262e+02,1.038262e+02,1.038262e+02,1.038262e+02,1.038262e+02,1.038262e+02,1.038262e+02,1.038262e+02,1.038262e+02,1.038262e+02,1.038262e+02,1.038262e+02,1.038262e+02,1.038262e+02,1.038262e+02,1.038262e+02,1.038262e+02,1.038262e+02,1.038261e+02,1.038261e+02,1.038261e+02,1.038261e+02,1.038261e+02,1.038260e+02,1.038260e+02,1.038259e+02,1.038258e+02,1.038256e+02,1.038254e+02,1.038251e+02,1.038247e+02,1.038241e+02,1.038234e+02,1.038225e+02,1.038214e+02,1.038199e+02,1.038181e+02,1.038158e+02,1.038130e+02,1.038094e+02,1.038051e+02,1.037999e+02,1.037936e+02,1.037860e+02,1.037769e+02,1.037661e+02,1.037534e+02,1.037385e+02,1.037210e+02,1.037008e+02,1.036774e+02,1.036506e+02,1.036198e+02,1.035849e+02,1.035452e+02,1.035006e+02,1.034504e+02,1.033943e+02,1.033318e+02,1.032626e+02,1.031862e+02,1.031022e+02,1.030102e+02,1.029098e+02,1.028008e+02,1.026826e+02,1.025552e+02,1.024182e+02,1.022714e+02,1.021147e+02,1.019479e+02,1.017711e+02,1.015840e+02,1.013869e+02,1.011798e+02,1.009627e+02,1.007360e+02,1.004997e+02,1.002543e+02,1.000000e+02,
0.78,1.000809e+02,1.001653e+02,1.002530e+02,1.003436e+02,1.004368e+02,1.005321e+02,1.006291e+02,1.007276e+02,1.008270e+02,1.009271e+02,1.010274e+02,1.011275e+02,1.012272e+02,1.013260e+02,1.014237e+02,1.015199e+02,1.016144e+02,1.017069e+02,1.017972e+02,1.018851e+02,1.019704e+02,1.020529e+02,1.021326e+02,1.022094e+02,1.022830e+02,1.023536e+02,1.024210e+02,1.024852e+02,1.025463e+02,1.026043e+02,1.026592e+02,1.027110e+02,1.027598e+02,1.028057e+02,1.028488e+02,1.028891e+02,1.029268e+02,1.029620e+02,1.029947e+02,1.030251e+02,1.030533e+02,1.030794e+02,1.031035e+02,1.031257e+02,1.031461e+02,1.031649e+02,1.031822e+02,1.031980e+02,1.032124e+02,1.032256e+02,1.032376e+02,1.032486e+02,1.032585e+02,1.032675e+02,1.032756e+02,1.032830e+02,1.032897e+02,1.032957e+02,1.033011e+02,1.033059e+02,1.033103e+02,1.033142e+02,1.033177e+02,1.033208e+02,1.033236e+02,1.033261e+02,1.033283e+02,1.033303e+02,1.033321e+02,1.033336e+02,1.033350e+02,1.033362e+02,1.033373e+02,1.033382e+02,1.033391e+02,1.033398e+02,1.033404e+02,1.033410e+02,1.033415e+02,1.033419e+02,1.033423e+02,1.033427e+02,1.033430e+02,1.033432e+02,1.033434e+02,1.033436e+02,1.033438e+02,1.033439e+02,1.033441e+02,1.033442e+02,1.033443e+02,1.033443e+02,1.033444e+02,1.033445e+02,1.033445e+02,1.033446e+02,1.033446e+02,1.033446e+02,1.033447e+02,1.033447e+02,1.033447e+02,1.033447e+02,1.033448e+02,1.033448e+02,1.033448e+02,1.033448e+02,1.033448e+02,1.033448e+02,1.033448e+02,1.033448e+02,1.033448e+02,1.033448e+02,1.033448e+02,1.033448e+02,1.033448e+02,1.033448e+02,1.033448e+02,1.033448e+02,1.033448e+02,1.033448e+02,1.033448e+02,1.033448e+02,1.033448e+02,1.033448e+02,1.033448e+02,1.033448e+02,1.033448e+02,1.033448e+02,1.033448e+02,1.033448e+02,1.033448e+02,1.033448e+02,1.033448e+02,1.033448e+02,1.033448e+02,1.033448e+02,1.033448e+02,1.033448e+02,1.033448e+02,1.033448e+02,1.033448e+02,1.033448e+02,1.033448e+02,1.033447e+02,1.033447e+02,1.033446e+02,1.033445e+02,1.033443e+02,1.033441e+02,1.033439e+02,1.033435e+02,1.033431e+02,1.033425e+02,1.033417e+02,1.033407e+02,1.033395e+02,1.033379e+02,1.033359e+02,1.033334e+02,1.033304e+02,1.033266e+02,1.033221e+02,1.033166e+02,1.033100e+02,1.033022e+02,1.032928e+02,1.032818e+02,1.032689e+02,1.032538e+02,1.032362e+02,1.032160e+02,1.031927e+02,1.031660e+02,1.031357e+02,1.031013e+02,1.030624e+02,1.030189e+02,1.029701e+02,1.029158e+02,1.028557e+02,1.027892e+02,1.027161e+02,1.026360e+02,1.025486e+02,1.024536e+02,1.023506e+02,1.022395e+02,1.021199e+02,1.019918e+02,1.018549e+02,1.017091e+02,1.015544e+02,1.013907e+02,1.012181e+02,1.010365e+02,1.008461e+02,1.006471e+02,1.004396e+02,1.002238e+02,1.000000e+02,
0.785,1.000691e+02,1.001414e+02,1.002165e+02,1.002943e+02,1.003743e+02,1.004562e+02,1.005398e+02,1.006246e+02,1.007104e+02,1.007968e+02,1.008835e+02,1.009702e+02,1.010565e+02,1.011422e+02,1.012270e+02,1.013106e+02,1.013929e+02,1.014734e+02,1.015522e+02,1.016289e+02,1.017034e+02,1.017756e+02,1.018454e+02,1.019126e+02,1.019773e+02,1.020392e+02,1.020985e+02,1.021551e+02,1.022089e+02,1.022600e+02,1.023084e+02,1.023542e+02,1.023974e+02,1.024381e+02,1.024762e+02,1.025120e+02,1.025455e+02,1.025768e+02,1.026059e+02,1.026330e+02,1.026581e+02,1.026814e+02,1.027030e+02,1.027228e+02,1.027412e+02,1.027580e+02,1.027735e+02,1.027877e+02,1.028006e+02,1.028125e+02,1.028233e+02,1.028332e+02,1.028421e+02,1.028503e+02,1.028576e+02,1.028643e+02,1.028703e+02,1.028758e+02,1.028807e+02,1.028851e+02,1.028891e+02,1.028926e+02,1.028958e+02,1.028987e+02,1.029012e+02,1.029035e+02,1.029055e+02,1.029073e+02,1.029089e+02,1.029103e+02,1.029116e+02,1.029127e+02,1.029137e+02,1.029146e+02,1.029153e+02,1.029160e+02,1.029166e+02,1.029171e+02,1.029176e+02,1.029180e+02,1.029183e+02,1.029186e+02,1.029189e+02,1.029192e+02,1.029194e+02,1.029195e+02,1.029197e+02,1.029198e+02,1.029199e+02,1.029200e+02,1.029201e+02,1.029202e+02,1.029203e+02,1.029203e+02,1.029204e+02,1.029204e+02,1.029205e+02,1.029205e+02,1.029205e+02,1.029205e+02,1.029206e+02,1.029206e+02,1.029206e+02,1.029206e+02,1.029206e+02,1.029206e+02,1.029206e+02,1.029206e+02,1.029206e+02,1.029206e+02,1.029206e+02,1.029207e+02,1.029207e+02,1.029207e+02,1.029207e+02,1.029207e+02,1.029207e+02,1.029207e+02,1.029207e+02,1.029207e+02,1.029207e+02,1.029207e+02,1.029207e+02,1.029207e+02,1.029207e+02,1.029207e+02,1.029207e+02,1.029207e+02,1.029207e+02,1.029207e+02,1.029207e+02,1.029207e+02,1.029207e+02,1.029207e+02,1.029207e+02,1.029207e+02,1.029207e+02,1.029207e+02,1.029207e+02,1.029207e+02,1.029206e+02,1.029206e+02,1.029206e+02,1.029206e+02,1.029205e+02,1.029205e+02,1.029204e+02,1.029202e+02,1.029201e+02,1.029198e+02,1.029195e+02,1.029191e+02,1.029186e+02,1.029180e+02,1.029171e+02,1.029160e+02,1.029146e+02,1.029129e+02,1.029108e+02,1.029082e+02,1.029050e+02,1.029010e+02,1.028963e+02,1.028906e+02,1.028838e+02,1.028757e+02,1.028662e+02,1.028550e+02,1.028419e+02,1.028267e+02,1.028092e+02,1.027890e+02,1.027659e+02,1.027396e+02,1.027098e+02,1.026762e+02,1.026383e+02,1.025961e+02,1.025489e+02,1.024967e+02,1.024390e+02,1.023754e+02,1.023058e+02,1.022298e+02,1.021471e+02,1.020574e+02,1.019606e+02,1.018564e+02,1.017447e+02,1.016252e+02,1.014980e+02,1.013628e+02,1.012197e+02,1.010686e+02,1.009097e+02,1.007429e+02,1.005684e+02,1.003863e+02,1.001967e+02,1.000000e+02,
0.79,1.000590e+02,1.001208e+02,1.001851e+02,1.002517e+02,1.003203e+02,1.003907e+02,1.004625e+02,1.005355e+02,1.006094e+02,1.006840e+02,1.007588e+02,1.008337e+02,1.009084e+02,1.009827e+02,1.010562e+02,1.011288e+02,1.012002e+02,1.012703e+02,1.013389e+02,1.014057e+02,1.014708e+02,1.015338e+02,1.015948e+02,1.016537e+02,1.017103e+02,1.017647e+02,1.018167e+02,1.018664e+02,1.019138e+02,1.019588e+02,1.020015e+02,1.020419e+02,1.020800e+02,1.021160e+02,1.021498e+02,1.021815e+02,1.022112e+02,1.022390e+02,1.022648e+02,1.022889e+02,1.023113e+02,1.023321e+02,1.023513e+02,1.023690e+02,1.023854e+02,1.024005e+02,1.024144e+02,1.024271e+02,1.024387e+02,1.024494e+02,1.024591e+02,1.024680e+02,1.024760e+02,1.024834e+02,1.024900e+02,1.024961e+02,1.025015e+02,1.025064e+02,1.025109e+02,1.025149e+02,1.025185e+02,1.025217e+02,1.025246e+02,1.025272e+02,1.025295e+02,1.025316e+02,1.025334e+02,1.025351e+02,1.025365e+02,1.025378e+02,1.025390e+02,1.025400e+02,1.025409e+02,1.025417e+02,1.025424e+02,1.025430e+02,1.025436e+02,1.025441e+02,1.025445e+02,1.025449e+02,1.025452e+02,1.025455e+02,1.025457e+02,1.025459e+02,1.025461e+02,1.025463e+02,1.025464e+02,1.025466e+02,1.025467e+02,1.025468e+02,1.025468e+02,1.025469e+02,1.025470e+02,1.025470e+02,1.025471e+02,1.025471e+02,1.025472e+02,1.025472e+02,1.025472e+02,1.025472e+02,1.025472e+02,1.025473e+02,1.025473e+02,1.025473e+02,1.025473e+02,1.025473e+02,1.025473e+02,1.025473e+02,1.025473e+02,1.025473e+02,1.025473e+02,1.025473e+02,1.025473e+02,1.025473e+02,1.025473e+02,1.025473e+02,1.025473e+02,1.025473e+02,1.025473e+02,1.025473e+02,1.025473e+02,1.025474e+02,1.025474e+02,1.025474e+02,1.025474e+02,1.025474e+02,1.025474e+02,1.025474e+02,1.025474e+02,1.025474e+02,1.025474e+02,1.025474e+02,1.025474e+02,1.025474e+02,1.025474e+02,1.025474e+02,1.025473e+02,1.025473e+02,1.025473e+02,1.025473e+02,1.025473e+02,1.025473e+02,1.025473e+02,1.025473e+02,1.025472e+02,1.025472e+02,1.025471e+02,1.025470e+02,1.025468e+02,1.025466e+02,1.025464e+02,1.025460e+02,1.025456e+02,1.025450e+02,1.025443e+02,1.025433e+02,1.025422e+02,1.025407e+02,1.025388e+02,1.025366e+02,1.025338e+02,1.025304e+02,1.025263e+02,1.025214e+02,1.025155e+02,1.025086e+02,1.025003e+02,1.024907e+02,1.024794e+02,1.024663e+02,1.024511e+02,1.024336e+02,1.024137e+02,1.023909e+02,1.023651e+02,1.023360e+02,1.023032e+02,1.022666e+02,1.022258e+02,1.021804e+02,1.021304e+02,1.020752e+02,1.020148e+02,1.019487e+02,1.018769e+02,1.017989e+02,1.017147e+02,1.016240e+02,1.015266e+02,1.014225e+02,1.013115e+02,1.011936e+02,1.010686e+02,1.009366e+02,1.007976e+02,1.006516e+02,1.004987e+02,1.003391e+02,1.001728e+02,1.000000e+02,
0.795,1.000503e+02,1.001030e+02,1.001580e+02,1.002150e+02,1.002738e+02,1.003341e+02,1.003958e+02,1.004586e+02,1.005222e+02,1.005864e+02,1.006509e+02,1.007156e+02,1.007801e+02,1.008443e+02,1.009080e+02,1.009709e+02,1.010329e+02,1.010938e+02,1.011534e+02,1.012116e+02,1.012683e+02,1.013233e+02,1.013766e+02,1.014280e+02,1.014776e+02,1.015252e+02,1.015708e+02,1.016144e+02,1.016560e+02,1.016956e+02,1.017332e+02,1.017688e+02,1.018025e+02,1.018342e+02,1.018641e+02,1.018921e+02,1.019184e+02,1.019430e+02,1.019660e+02,1.019874e+02,1.020073e+02,1.020258e+02,1.020429e+02,1.020588e+02,1.020734e+02,1.020868e+02,1.020992e+02,1.021106e+02,1.021211e+02,1.021306e+02,1.021393e+02,1.021473e+02,1.021546e+02,1.021612e+02,1.021672e+02,1.021726e+02,1.021775e+02,1.021820e+02,1.021860e+02,1.021896e+02,1.021929e+02,1.021958e+02,1.021984e+02,1.022008e+02,1.022029e+02,1.022048e+02,1.022064e+02,1.022079e+02,1.022093e+02,1.022105e+02,1.022115e+02,1.022125e+02,1.022133e+02,1.022140e+02,1.022147e+02,1.022152e+02,1.022157e+02,1.022162e+02,1.022166e+02,1.022169e+02,1.022172e+02,1.022175e+02,1.022177e+02,1.022179e+02,1.022181e+02,1.022182e+02,1.022184e+02,1.022185e+02,1.022186e+02,1.022187e+02,1.022187e+02,1.022188e+02,1.022189e+02,1.022189e+02,1.022190e+02,1.022190e+02,1.022190e+02,1.022191e+02,1.022191e+02,1.022191e+02,1.022191e+02,1.022191e+02,1.022191e+02,1.022192e+02,1.022192e+02,1.022192e+02,1.022192e+02,1.022192e+02,1.022192e+02,1.022192e+02,1.022192e+02,1.022192e+02,1.022192e+02,1.022192e+02,1.022192e+02,1.022192e+02,1.022192e+02,1.022192e+02,1.022192e+02,1.022192e+02,1.022192e+02,1.022192e+02,1.022192e+02,1.022192e+02,1.022192e+02,1.022192e+02,1.022192e+02,1.022192e+02,1.022192e+02,1.022192e+02,1.022192e+02,1.022192e+02,1.022192e+02,1.022192e+02,1.022192e+02,1.022192e+02,1.022192e+02,1.022192e+02,1.022192e+02,1.022192e+02,1.022192e+02,1.022192e+02,1.022192e+02,1.022191e+02,1.022191e+02,1.022191e+02,1.022190e+02,1.022189e+02,1.022188e+02,1.022186e+02,1.022184e+02,1.022181e+02,1.022177e+02,1.022172e+02,1.022166e+02,1.022158e+02,1.022148e+02,1.022135e+02,1.022119e+02,1.022099e+02,1.022076e+02,1.022046e+02,1.022011e+02,1.021969e+02,1.021918e+02,1.021858e+02,1.021787e+02,1.021704e+02,1.021606e+02,1.021493e+02,1.021362e+02,1.021212e+02,1.021039e+02,1.020843e+02,1.020620e+02,1.020368e+02,1.020084e+02,1.019767e+02,1.019414e+02,1.019022e+02,1.018588e+02,1.018110e+02,1.017586e+02,1.017013e+02,1.016389e+02,1.015712e+02,1.014980e+02,1.014191e+02,1.013344e+02,1.012438e+02,1.011471e+02,1.010443e+02,1.009353e+02,1.008200e+02,1.006986e+02,1.005709e+02,1.004372e+02,1.002973e+02,1.001516e+02,1.000000e+02,
0.8,1.000428e+02,1.000878e+02,1.001347e+02,1.001834e+02,1.002337e+02,1.002854e+02,1.003383e+02,1.003921e+02,1.004468e+02,1.005020e+02,1.005576e+02,1.006134e+02,1.006691e+02,1.007246e+02,1.007796e+02,1.008341e+02,1.008878e+02,1.009407e+02,1.009924e+02,1.010430e+02,1.010923e+02,1.011403e+02,1.011867e+02,1.012316e+02,1.012749e+02,1.013166e+02,1.013565e+02,1.013947e+02,1.014312e+02,1.014660e+02,1.014990e+02,1.015304e+02,1.015600e+02,1.015880e+02,1.016144e+02,1.016392e+02,1.016624e+02,1.016842e+02,1.017046e+02,1.017236e+02,1.017412e+02,1.017576e+02,1.017729e+02,1.017870e+02,1.018000e+02,1.018120e+02,1.018231e+02,1.018333e+02,1.018426e+02,1.018512e+02,1.018590e+02,1.018661e+02,1.018726e+02,1.018786e+02,1.018840e+02,1.018889e+02,1.018933e+02,1.018973e+02,1.019009e+02,1.019042e+02,1.019072e+02,1.019098e+02,1.019122e+02,1.019143e+02,1.019162e+02,1.019179e+02,1.019195e+02,1.019208e+02,1.019221e+02,1.019231e+02,1.019241e+02,1.019249e+02,1.019257e+02,1.019264e+02,1.019270e+02,1.019275e+02,1.019280e+02,1.019284e+02,1.019287e+02,1.019290e+02,1.019293e+02,1.019295e+02,1.019298e+02,1.019299e+02,1.019301e+02,1.019302e+02,1.019304e+02,1.019305e+02,1.019306e+02,1.019307e+02,1.019307e+02,1.019308e+02,1.019308e+02,1.019309e+02,1.019309e+02,1.019310e+02,1.019310e+02,1.019310e+02,1.019310e+02,1.019311e+02,1.019311e+02,1.019311e+02,1.019311e+02,1.019311e+02,1.019311e+02,1.019311e+02,1.019311e+02,1.019311e+02,1.019311e+02,1.019311e+02,1.019311e+02,1.019311e+02,1.019311e+02,1.019311e+02,1.019312e+02,1.019312e+02,1.019312e+02,1.019312e+02,1.019312e+02,1.019312e+02,1.019312e+02,1.019312e+02,1.019312e+02,1.019312e+02,1.019312e+02,1.019312e+02,1.019312e+02,1.019312e+02,1.019312e+02,1.019312e+02,1.019312e+02,1.019312e+02,1.019312e+02,1.019312e+02,1.019312e+02,1.019312e+02,1.019312e+02,1.019312e+02,1.019312e+02,1.019311e+02,1.019311e+02,1.019311e+02,1.019311e+02,1.019311e+02,1.019311e+02,1.019310e+02,1.019310e+02,1.019309e+02,1.019308e+02,1.019306e+02,1.019304e+02,1.019302e+02,1.019299e+02,1.019294e+02,1.019289e+02,1.019282e+02,1.019273e+02,1.019262e+02,1.019249e+02,1.019232e+02,1.019211e+02,1.019186e+02,1.019156e+02,1.019120e+02,1.019076e+02,1.019025e+02,1.018963e+02,1.018892e+02,1.018808e+02,1.018710e+02,1.018597e+02,1.018468e+02,1.018319e+02,1.018149e+02,1.017957e+02,1.017739e+02,1.017495e+02,1.017221e+02,1.016915e+02,1.016576e+02,1.016201e+02,1.015787e+02,1.015333e+02,1.014837e+02,1.014296e+02,1.013708e+02,1.013073e+02,1.012388e+02,1.011652e+02,1.010864e+02,1.010023e+02,1.009127e+02,1.008177e+02,1.007172e+02,1.006112e+02,1.004997e+02,1.003828e+02,1.002605e+02,1.001328e+02,1.000000e+02,
0.805,1.000364e+02,1.000747e+02,1.001147e+02,1.001562e+02,1.001992e+02,1.002434e+02,1.002887e+02,1.003349e+02,1.003819e+02,1.004293e+02,1.004771e+02,1.005251e+02,1.005732e+02,1.006210e+02,1.006686e+02,1.007157e+02,1.007622e+02,1.008080e+02,1.008529e+02,1.008968e+02,1.009396e+02,1.009813e+02,1.010218e+02,1.010609e+02,1.010987e+02,1.011351e+02,1.011700e+02,1.012035e+02,1.012354e+02,1.012659e+02,1.012949e+02,1.013225e+02,1.013486e+02,1.013732e+02,1.013964e+02,1.014183e+02,1.014389e+02,1.014581e+02,1.014761e+02,1.014929e+02,1.015086e+02,1.015232e+02,1.015367e+02,1.015492e+02,1.015608e+02,1.015715e+02,1.015814e+02,1.015905e+02,1.015988e+02,1.016065e+02,1.016135e+02,1.016199e+02,1.016257e+02,1.016310e+02,1.016359e+02,1.016403e+02,1.016443e+02,1.016479e+02,1.016512e+02,1.016541e+02,1.016568e+02,1.016592e+02,1.016613e+02,1.016633e+02,1.016650e+02,1.016665e+02,1.016679e+02,1.016692e+02,1.016703e+02,1.016713e+02,1.016721e+02,1.016729e+02,1.016736e+02,1.016742e+02,1.016748e+02,1.016752e+02,1.016757e+02,1.016760e+02,1.016764e+02,1.016766e+02,1.016769e+02,1.016771e+02,1.016773e+02,1.016775e+02,1.016776e+02,1.016778e+02,1.016779e+02,1.016780e+02,1.016781e+02,1.016781e+02,1.016782e+02,1.016783e+02,1.016783e+02,1.016783e+02,1.016784e+02,1.016784e+02,1.016784e+02,1.016785e+02,1.016785e+02,1.016785e+02,1.016785e+02,1.016785e+02,1.016785e+02,1.016786e+02,1.016786e+02,1.016786e+02,1.016786e+02,1.016786e+02,1.016786e+02,1.016786e+02,1.016786e+02,1.016786e+02,1.016786e+02,1.016786e+02,1.016786e+02,1.016786e+02,1.016786e+02,1.016786e+02,1.016786e+02,1.016786e+02,1.016786e+02,1.016786e+02,1.016786e+02,1.016786e+02,1.016786e+02,1.016786e+02,1.016786e+02,1.016786e+02,1.016786e+02,1.016786e+02,1.016786e+02,1.016786e+02,1.016786e+02,1.016786e+02,1.016786e+02,1.016786e+02,1.016786e+02,1.016786e+02,1.016786e+02,1.016786e+02,1.016786e+02,1.016786e+02,1.016786e+02,1.016786e+02,1.016785e+02,1.016785e+02,1.016784e+02,1.016784e+02,1.016783e+02,1.016782e+02,1.016780e+02,1.016778e+02,1.016775e+02,1.016771e+02,1.016767e+02,1.016761e+02,1.016753e+02,1.016744e+02,1.016732e+02,1.016718e+02,1.016700e+02,1.016679e+02,1.016653e+02,1.016622e+02,1.016584e+02,1.016540e+02,1.016487e+02,1.016426e+02,1.016354e+02,1.016270e+02,1.016173e+02,1.016061e+02,1.015933e+02,1.015787e+02,1.015621e+02,1.015433e+02,1.015222e+02,1.014986e+02,1.014722e+02,1.014429e+02,1.014105e+02,1.013747e+02,1.013355e+02,1.012925e+02,1.012457e+02,1.011948e+02,1.011397e+02,1.010803e+02,1.010164e+02,1.009479e+02,1.008748e+02,1.007969e+02,1.007142e+02,1.006267e+02,1.005343e+02,1.004370e+02,1.003349e+02,1.002280e+02,1.001163e+02,1.000000e+02,
0.81,1.000309e+02,1.000635e+02,1.000975e+02,1.001330e+02,1.001696e+02,1.002074e+02,1.002462e+02,1.002857e+02,1.003259e+02,1.003667e+02,1.004077e+02,1.004490e+02,1.004904e+02,1.005316e+02,1.005726e+02,1.006133e+02,1.006535e+02,1.006931e+02,1.007320e+02,1.007701e+02,1.008073e+02,1.008435e+02,1.008787e+02,1.009128e+02,1.009457e+02,1.009774e+02,1.010079e+02,1.010372e+02,1.010651e+02,1.010919e+02,1.011173e+02,1.011414e+02,1.011644e+02,1.011860e+02,1.012065e+02,1.012257e+02,1.012439e+02,1.012609e+02,1.012768e+02,1.012916e+02,1.013055e+02,1.013184e+02,1.013304e+02,1.013415e+02,1.013518e+02,1.013614e+02,1.013702e+02,1.013782e+02,1.013857e+02,1.013925e+02,1.013988e+02,1.014045e+02,1.014097e+02,1.014145e+02,1.014188e+02,1.014228e+02,1.014264e+02,1.014296e+02,1.014326e+02,1.014352e+02,1.014376e+02,1.014398e+02,1.014417e+02,1.014435e+02,1.014451e+02,1.014465e+02,1.014477e+02,1.014488e+02,1.014498e+02,1.014507e+02,1.014515e+02,1.014522e+02,1.014529e+02,1.014534e+02,1.014539e+02,1.014544e+02,1.014547e+02,1.014551e+02,1.014554e+02,1.014557e+02,1.014559e+02,1.014561e+02,1.014563e+02,1.014564e+02,1.014566e+02,1.014567e+02,1.014568e+02,1.014569e+02,1.014570e+02,1.014570e+02,1.014571e+02,1.014571e+02,1.014572e+02,1.014572e+02,1.014573e+02,1.014573e+02,1.014573e+02,1.014573e+02,1.014574e+02,1.014574e+02,1.014574e+02,1.014574e+02,1.014574e+02,1.014574e+02,1.014574e+02,1.014574e+02,1.014574e+02,1.014574e+02,1.014574e+02,1.014574e+02,1.014574e+02,1.014574e+02,1.014575e+02,1.014575e+02,1.014575e+02,1.014575e+02,1.014575e+02,1.014575e+02,1.014575e+02,1.014575e+02,1.014575e+02,1.014575e+02,1.014575e+02,1.014575e+02,1.014575e+02,1.014575e+02,1.014575e+02,1.014575e+02,1.014575e+02,1.014575e+02,1.014575e+02,1.014575e+02,1.014575e+02,1.014575e+02,1.014575e+02,1.014575e+02,1.014575e+02,1.014575e+02,1.014575e+02,1.014575e+02,1.014574e+02,1.014574e+02,1.014574e+02,1.014574e+02,1.014574e+02,1.014574e+02,1.014573e+02,1.014573e+02,1.014572e+02,1.014571e+02,1.014569e+02,1.014568e+02,1.014565e+02,1.014562e+02,1.014558e+02,1.014553e+02,1.014547e+02,1.014539e+02,1.014529e+02,1.014516e+02,1.014501e+02,1.014483e+02,1.014461e+02,1.014434e+02,1.014402e+02,1.014364e+02,1.014319e+02,1.014266e+02,1.014204e+02,1.014132e+02,1.014048e+02,1.013952e+02,1.013842e+02,1.013717e+02,1.013574e+02,1.013412e+02,1.013231e+02,1.013027e+02,1.012800e+02,1.012547e+02,1.012267e+02,1.011958e+02,1.011619e+02,1.011248e+02,1.010843e+02,1.010402e+02,1.009925e+02,1.009410e+02,1.008857e+02,1.008263e+02,1.007628e+02,1.006951e+02,1.006232e+02,1.005470e+02,1.004665e+02,1.003817e+02,1.002926e+02,1.001993e+02,1.001017e+02,1.000000e+02,
0.815,1.000262e+02,1.000539e+02,1.000828e+02,1.001130e+02,1.001443e+02,1.001765e+02,1.002096e+02,1.002434e+02,1.002779e+02,1.003128e+02,1.003480e+02,1.003835e+02,1.004190e+02,1.004545e+02,1.004899e+02,1.005249e+02,1.005596e+02,1.005939e+02,1.006275e+02,1.006605e+02,1.006927e+02,1.007242e+02,1.007547e+02,1.007843e+02,1.008130e+02,1.008406e+02,1.008672e+02,1.008928e+02,1.009172e+02,1.009406e+02,1.009628e+02,1.009840e+02,1.010041e+02,1.010231e+02,1.010411e+02,1.010581e+02,1.010740e+02,1.010890e+02,1.011030e+02,1.011162e+02,1.011284e+02,1.011399e+02,1.011505e+02,1.011603e+02,1.011695e+02,1.011779e+02,1.011858e+02,1.011930e+02,1.011996e+02,1.012057e+02,1.012113e+02,1.012164e+02,1.012210e+02,1.012253e+02,1.012292e+02,1.012327e+02,1.012360e+02,1.012389e+02,1.012415e+02,1.012439e+02,1.012461e+02,1.012480e+02,1.012498e+02,1.012514e+02,1.012528e+02,1.012540e+02,1.012552e+02,1.012562e+02,1.012571e+02,1.012579e+02,1.012586e+02,1.012593e+02,1.012599e+02,1.012604e+02,1.012608e+02,1.012612e+02,1.012616e+02,1.012619e+02,1.012621e+02,1.012624e+02,1.012626e+02,1.012628e+02,1.012630e+02,1.012631e+02,1.012632e+02,1.012633e+02,1.012634e+02,1.012635e+02,1.012636e+02,1.012637e+02,1.012637e+02,1.012638e+02,1.012638e+02,1.012638e+02,1.012639e+02,1.012639e+02,1.012639e+02,1.012639e+02,1.012640e+02,1.012640e+02,1.012640e+02,1.012640e+02,1.012640e+02,1.012640e+02,1.012640e+02,1.012640e+02,1.012640e+02,1.012640e+02,1.012640e+02,1.012640e+02,1.012640e+02,1.012640e+02,1.012640e+02,1.012640e+02,1.012640e+02,1.012641e+02,1.012641e+02,1.012641e+02,1.012641e+02,1.012641e+02,1.012641e+02,1.012641e+02,1.012641e+02,1.012641e+02,1.012641e+02,1.012641e+02,1.012641e+02,1.012641e+02,1.012641e+02,1.012641e+02,1.012641e+02,1.012641e+02,1.012641e+02,1.012641e+02,1.012641e+02,1.012641e+02,1.012641e+02,1.012641e+02,1.012641e+02,1.012640e+02,1.012640e+02,1.012640e+02,1.012640e+02,1.012640e+02,1.012640e+02,1.012640e+02,1.012639e+02,1.012639e+02,1.012638e+02,1.012637e+02,1.012636e+02,1.012635e+02,1.012633e+02,1.012630e+02,1.012626e+02,1.012622e+02,1.012617e+02,1.012610e+02,1.012601e+02,1.012591e+02,1.012578e+02,1.012562e+02,1.012543e+02,1.012520e+02,1.012493e+02,1.012460e+02,1.012422e+02,1.012376e+02,1.012323e+02,1.012261e+02,1.012190e+02,1.012107e+02,1.012013e+02,1.011905e+02,1.011782e+02,1.011644e+02,1.011487e+02,1.011312e+02,1.011116e+02,1.010899e+02,1.010657e+02,1.010391e+02,1.010098e+02,1.009778e+02,1.009428e+02,1.009047e+02,1.008635e+02,1.008189e+02,1.007709e+02,1.007195e+02,1.006644e+02,1.006056e+02,1.005432e+02,1.004770e+02,1.004069e+02,1.003331e+02,1.002555e+02,1.001741e+02,1.000889e+02,1.000000e+02,
0.82,1.000222e+02,1.000457e+02,1.000703e+02,1.000959e+02,1.001225e+02,1.001500e+02,1.001782e+02,1.002071e+02,1.002366e+02,1.002665e+02,1.002967e+02,1.003271e+02,1.003576e+02,1.003881e+02,1.004185e+02,1.004487e+02,1.004787e+02,1.005082e+02,1.005373e+02,1.005658e+02,1.005937e+02,1.006209e+02,1.006475e+02,1.006732e+02,1.006981e+02,1.007221e+02,1.007453e+02,1.007676e+02,1.007889e+02,1.008093e+02,1.008288e+02,1.008473e+02,1.008649e+02,1.008816e+02,1.008974e+02,1.009122e+02,1.009263e+02,1.009395e+02,1.009518e+02,1.009634e+02,1.009742e+02,1.009843e+02,1.009937e+02,1.010025e+02,1.010106e+02,1.010181e+02,1.010250e+02,1.010314e+02,1.010373e+02,1.010427e+02,1.010477e+02,1.010522e+02,1.010564e+02,1.010602e+02,1.010637e+02,1.010669e+02,1.010698e+02,1.010724e+02,1.010747e+02,1.010769e+02,1.010788e+02,1.010806e+02,1.010822e+02,1.010836e+02,1.010849e+02,1.010860e+02,1.010870e+02,1.010880e+02,1.010888e+02,1.010895e+02,1.010902e+02,1.010908e+02,1.010913e+02,1.010917e+02,1.010921e+02,1.010925e+02,1.010928e+02,1.010931e+02,1.010934e+02,1.010936e+02,1.010938e+02,1.010940e+02,1.010941e+02,1.010942e+02,1.010943e+02,1.010945e+02,1.010945e+02,1.010946e+02,1.010947e+02,1.010947e+02,1.010948e+02,1.010948e+02,1.010949e+02,1.010949e+02,1.010949e+02,1.010950e+02,1.010950e+02,1.010950e+02,1.010950e+02,1.010950e+02,1.010950e+02,1.010951e+02,1.010951e+02,1.010951e+02,1.010951e+02,1.010951e+02,1.010951e+02,1.010951e+02,1.010951e+02,1.010951e+02,1.010951e+02,1.010951e+02,1.010951e+02,1.010951e+02,1.010951e+02,1.010951e+02,1.010951e+02,1.010951e+02,1.010951e+02,1.010951e+02,1.010951e+02,1.010951e+02,1.010951e+02,1.010951e+02,1.010951e+02,1.010951e+02,1.010951e+02,1.010951e+02,1.010951e+02,1.010951e+02,1.010951e+02,1.010951e+02,1.010951e+02,1.010951e+02,1.010951e+02,1.010951e+02,1.010951e+02,1.010951e+02,1.010951e+02,1.010951e+02,1.010951e+02,1.010951e+02,1.010951e+02,1.010951e+02,1.010951e+02,1.010950e+02,1.010950e+02,1.010950e+02,1.010949e+02,1.010948e+02,1.010947e+02,1.010946e+02,1.010944e+02,1.010942e+02,1.010939e+02,1.010935e+02,1.010931e+02,1.010925e+02,1.010918e+02,1.010909e+02,1.010898e+02,1.010884e+02,1.010868e+02,1.010849e+02,1.010825e+02,1.010797e+02,1.010764e+02,1.010725e+02,1.010680e+02,1.010627e+02,1.010566e+02,1.010495e+02,1.010414e+02,1.010322e+02,1.010216e+02,1.010097e+02,1.009963e+02,1.009812e+02,1.009644e+02,1.009457e+02,1.009249e+02,1.009020e+02,1.008768e+02,1.008491e+02,1.008189e+02,1.007861e+02,1.007504e+02,1.007119e+02,1.006704e+02,1.006258e+02,1.005781e+02,1.005272e+02,1.004730e+02,1.004155e+02,1.003546e+02,1.002904e+02,1.002228e+02,1.001519e+02,1.000776e+02,1.000000e+02,
0.825,1.000188e+02,1.000387e+02,1.000595e+02,1.000813e+02,1.001039e+02,1.001273e+02,1.001514e+02,1.001760e+02,1.002012e+02,1.002267e+02,1.002526e+02,1.002786e+02,1.003048e+02,1.003310e+02,1.003572e+02,1.003831e+02,1.004089e+02,1.004344e+02,1.004595e+02,1.004841e+02,1.005082e+02,1.005318e+02,1.005548e+02,1.005771e+02,1.005987e+02,1.006196e+02,1.006397e+02,1.006591e+02,1.006777e+02,1.006955e+02,1.007125e+02,1.007287e+02,1.007441e+02,1.007587e+02,1.007725e+02,1.007856e+02,1.007979e+02,1.008095e+02,1.008204e+02,1.008306e+02,1.008401e+02,1.008490e+02,1.008573e+02,1.008651e+02,1.008722e+02,1.008789e+02,1.008850e+02,1.008907e+02,1.008959e+02,1.009007e+02,1.009052e+02,1.009092e+02,1.009130e+02,1.009164e+02,1.009195e+02,1.009223e+02,1.009249e+02,1.009272e+02,1.009293e+02,1.009313e+02,1.009330e+02,1.009346e+02,1.009360e+02,1.009373e+02,1.009384e+02,1.009395e+02,1.009404e+02,1.009412e+02,1.009420e+02,1.009426e+02,1.009432e+02,1.009438e+02,1.009442e+02,1.009446e+02,1.009450e+02,1.009453e+02,1.009456e+02,1.009459e+02,1.009461e+02,1.009463e+02,1.009465e+02,1.009467e+02,1.009468e+02,1.009469e+02,1.009470e+02,1.009471e+02,1.009472e+02,1.009473e+02,1.009473e+02,1.009474e+02,1.009474e+02,1.009475e+02,1.009475e+02,1.009475e+02,1.009476e+02,1.009476e+02,1.009476e+02,1.009476e+02,1.009476e+02,1.009477e+02,1.009477e+02,1.009477e+02,1.009477e+02,1.009477e+02,1.009477e+02,1.009477e+02,1.009477e+02,1.009477e+02,1.009477e+02,1.009477e+02,1.009477e+02,1.009477e+02,1.009477e+02,1.009477e+02,1.009477e+02,1.009477e+02,1.009477e+02,1.009477e+02,1.009477e+02,1.009477e+02,1.009477e+02,1.009477e+02,1.009477e+02,1.009477e+02,1.009477e+02,1.009477e+02,1.009477e+02,1.009477e+02,1.009477e+02,1.009477e+02,1.009477e+02,1.009477e+02,1.009477e+02,1.009477e+02,1.009477e+02,1.009477e+02,1.009477e+02,1.009477e+02,1.009477e+02,1.009477e+02,1.009477e+02,1.009477e+02,1.009477e+02,1.009477e+02,1.009477e+02,1.009477e+02,1.009476e+02,1.009476e+02,1.009476e+02,1.009475e+02,1.009474e+02,1.009473e+02,1.009471e+02,1.009470e+02,1.009467e+02,1.009464e+02,1.009460e+02,1.009455e+02,1.009449e+02,1.009441e+02,1.009432e+02,1.009420e+02,1.009407e+02,1.009390e+02,1.009370e+02,1.009346e+02,1.009318e+02,1.009285e+02,1.009246e+02,1.009201e+02,1.009148e+02,1.009088e+02,1.009019e+02,1.008939e+02,1.008849e+02,1.008747e+02,1.008632e+02,1.008503e+02,1.008358e+02,1.008197e+02,1.008019e+02,1.007821e+02,1.007604e+02,1.007366e+02,1.007106e+02,1.006822e+02,1.006515e+02,1.006182e+02,1.005824e+02,1.005438e+02,1.005025e+02,1.004584e+02,1.004114e+02,1.003615e+02,1.003087e+02,1.002529e+02,1.001941e+02,1.001324e+02,1.000677e+02,1.000000e+02,
0.83,1.000159e+02,1.000327e+02,1.000504e+02,1.000688e+02,1.000880e+02,1.001079e+02,1.001284e+02,1.001494e+02,1.001709e+02,1.001927e+02,1.002148e+02,1.002371e+02,1.002595e+02,1.002820e+02,1.003044e+02,1.003267e+02,1.003489e+02,1.003708e+02,1.003924e+02,1.004137e+02,1.004345e+02,1.004549e+02,1.004748e+02,1.004941e+02,1.005128e+02,1.005310e+02,1.005485e+02,1.005653e+02,1.005815e+02,1.005970e+02,1.006118e+02,1.006260e+02,1.006394e+02,1.006522e+02,1.006643e+02,1.006757e+02,1.006866e+02,1.006967e+02,1.007063e+02,1.007153e+02,1.007237e+02,1.007315e+02,1.007388e+02,1.007456e+02,1.007520e+02,1.007579e+02,1.007633e+02,1.007683e+02,1.007730e+02,1.007772e+02,1.007812e+02,1.007848e+02,1.007881e+02,1.007911e+02,1.007939e+02,1.007964e+02,1.007987e+02,1.008008e+02,1.008027e+02,1.008044e+02,1.008060e+02,1.008074e+02,1.008087e+02,1.008098e+02,1.008109e+02,1.008118e+02,1.008126e+02,1.008134e+02,1.008141e+02,1.008147e+02,1.008152e+02,1.008157e+02,1.008161e+02,1.008165e+02,1.008168e+02,1.008171e+02,1.008174e+02,1.008176e+02,1.008178e+02,1.008180e+02,1.008182e+02,1.008183e+02,1.008184e+02,1.008186e+02,1.008186e+02,1.008187e+02,1.008188e+02,1.008189e+02,1.008189e+02,1.008190e+02,1.008190e+02,1.008191e+02,1.008191e+02,1.008191e+02,1.008191e+02,1.008192e+02,1.008192e+02,1.008192e+02,1.008192e+02,1.008192e+02,1.008192e+02,1.008192e+02,1.008193e+02,1.008193e+02,1.008193e+02,1.008193e+02,1.008193e+02,1.008193e+02,1.008193e+02,1.008193e+02,1.008193e+02,1.008193e+02,1.008193e+02,1.008193e+02,1.008193e+02,1.008193e+02,1.008193e+02,1.008193e+02,1.008193e+02,1.008193e+02,1.008193e+02,1.008193e+02,1.008193e+02,1.008193e+02,1.008193e+02,1.008193e+02,1.008193e+02,1.008193e+02,1.008193e+02,1.008193e+02,1.008193e+02,1.008193e+02,1.008193e+02,1.008193e+02,1.008193e+02,1.008193e+02,1.008193e+02,1.008193e+02,1.008193e+02,1.008193e+02,1.008193e+02,1.008193e+02,1.008193e+02,1.008193e+02,1.008193e+02,1.008192e+02,1.008192e+02,1.008192e+02,1.008192e+02,1.008191e+02,1.008190e+02,1.008189e+02,1.008188e+02,1.008186e+02,1.008184e+02,1.008182e+02,1.008178e+02,1.008174e+02,1.008169e+02,1.008162e+02,1.008154e+02,1.008145e+02,1.008133e+02,1.008119e+02,1.008102e+02,1.008081e+02,1.008057e+02,1.008029e+02,1.007996e+02,1.007957e+02,1.007913e+02,1.007861e+02,1.007802e+02,1.007734e+02,1.007657e+02,1.007569e+02,1.007471e+02,1.007360e+02,1.007236e+02,1.007098e+02,1.006944e+02,1.006775e+02,1.006588e+02,1.006383e+02,1.006159e+02,1.005915e+02,1.005650e+02,1.005363e+02,1.005054e+02,1.004721e+02,1.004364e+02,1.003982e+02,1.003575e+02,1.003143e+02,1.002685e+02,1.002200e+02,1.001690e+02,1.001153e+02,1.000590e+02,1.000000e+02,
0.835,1.000134e+02,1.000276e+02,1.000426e+02,1.000582e+02,1.000745e+02,1.000914e+02,1.001088e+02,1.001267e+02,1.001449e+02,1.001636e+02,1.001824e+02,1.002015e+02,1.002207e+02,1.002399e+02,1.002591e+02,1.002783e+02,1.002973e+02,1.003162e+02,1.003348e+02,1.003531e+02,1.003711e+02,1.003887e+02,1.004058e+02,1.004226e+02,1.004388e+02,1.004545e+02,1.004697e+02,1.004843e+02,1.004984e+02,1.005119e+02,1.005248e+02,1.005371e+02,1.005488e+02,1.005600e+02,1.005706e+02,1.005806e+02,1.005901e+02,1.005990e+02,1.006074e+02,1.006152e+02,1.006226e+02,1.006295e+02,1.006360e+02,1.006420e+02,1.006476e+02,1.006528e+02,1.006576e+02,1.006620e+02,1.006661e+02,1.006699e+02,1.006734e+02,1.006766e+02,1.006796e+02,1.006823e+02,1.006847e+02,1.006870e+02,1.006890e+02,1.006909e+02,1.006926e+02,1.006941e+02,1.006955e+02,1.006968e+02,1.006979e+02,1.006990e+02,1.006999e+02,1.007007e+02,1.007015e+02,1.007022e+02,1.007028e+02,1.007033e+02,1.007038e+02,1.007042e+02,1.007046e+02,1.007050e+02,1.007053e+02,1.007055e+02,1.007058e+02,1.007060e+02,1.007062e+02,1.007063e+02,1.007065e+02,1.007066e+02,1.007067e+02,1.007068e+02,1.007069e+02,1.007070e+02,1.007071e+02,1.007071e+02,1.007072e+02,1.007072e+02,1.007073e+02,1.007073e+02,1.007073e+02,1.007074e+02,1.007074e+02,1.007074e+02,1.007074e+02,1.007074e+02,1.007074e+02,1.007075e+02,1.007075e+02,1.007075e+02,1.007075e+02,1.007075e+02,1.007075e+02,1.007075e+02,1.007075e+02,1.007075e+02,1.007075e+02,1.007075e+02,1.007075e+02,1.007075e+02,1.007075e+02,1.007075e+02,1.007075e+02,1.007075e+02,1.007075e+02,1.007075e+02,1.007075e+02,1.007075e+02,1.007075e+02,1.007075e+02,1.007075e+02,1.007075e+02,1.007075e+02,1.007075e+02,1.007075e+02,1.007075e+02,1.007075e+02,1.007075e+02,1.007075e+02,1.007075e+02,1.007075e+02,1.007075e+02,1.007075e+02,1.007075e+02,1.007075e+02,1.007075e+02,1.007075e+02,1.007075e+02,1.007075e+02,1.007075e+02,1.007075e+02,1.007075e+02,1.007075e+02,1.007075e+02,1.007075e+02,1.007074e+02,1.007074e+02,1.007074e+02,1.007073e+02,1.007072e+02,1.007071e+02,1.007070e+02,1.007068e+02,1.007066e+02,1.007063e+02,1.007059e+02,1.007055e+02,1.007049e+02,1.007042e+02,1.007034e+02,1.007024e+02,1.007012e+02,1.006998e+02,1.006980e+02,1.006960e+02,1.006936e+02,1.006908e+02,1.006875e+02,1.006837e+02,1.006793e+02,1.006742e+02,1.006684e+02,1.006618e+02,1.006543e+02,1.006459e+02,1.006364e+02,1.006258e+02,1.006139e+02,1.006008e+02,1.005863e+02,1.005702e+02,1.005526e+02,1.005334e+02,1.005124e+02,1.004895e+02,1.004648e+02,1.004381e+02,1.004094e+02,1.003785e+02,1.003456e+02,1.003104e+02,1.002730e+02,1.002333e+02,1.001913e+02,1.001469e+02,1.001003e+02,1.000513e+02,1.000000e+02,
0.84,1.000113e+02,1.000233e+02,1.000359e+02,1.000492e+02,1.000630e+02,1.000773e+02,1.000921e+02,1.001073e+02,1.001228e+02,1.001387e+02,1.001547e+02,1.001710e+02,1.001874e+02,1.002039e+02,1.002203e+02,1.002368e+02,1.002531e+02,1.002693e+02,1.002853e+02,1.003010e+02,1.003165e+02,1.003317e+02,1.003465e+02,1.003609e+02,1.003750e+02,1.003886e+02,1.004017e+02,1.004144e+02,1.004266e+02,1.004383e+02,1.004496e+02,1.004603e+02,1.004705e+02,1.004803e+02,1.004895e+02,1.004983e+02,1.005065e+02,1.005143e+02,1.005217e+02,1.005286e+02,1.005351e+02,1.005412e+02,1.005468e+02,1.005521e+02,1.005570e+02,1.005616e+02,1.005659e+02,1.005698e+02,1.005734e+02,1.005768e+02,1.005799e+02,1.005827e+02,1.005853e+02,1.005877e+02,1.005899e+02,1.005919e+02,1.005937e+02,1.005954e+02,1.005969e+02,1.005983e+02,1.005996e+02,1.006007e+02,1.006017e+02,1.006026e+02,1.006035e+02,1.006042e+02,1.006049e+02,1.006055e+02,1.006060e+02,1.006065e+02,1.006070e+02,1.006074e+02,1.006077e+02,1.006080e+02,1.006083e+02,1.006085e+02,1.006088e+02,1.006089e+02,1.006091e+02,1.006093e+02,1.006094e+02,1.006095e+02,1.006096e+02,1.006097e+02,1.006098e+02,1.006099e+02,1.006099e+02,1.006100e+02,1.006100e+02,1.006101e+02,1.006101e+02,1.006101e+02,1.006102e+02,1.006102e+02,1.006102e+02,1.006102e+02,1.006102e+02,1.006103e+02,1.006103e+02,1.006103e+02,1.006103e+02,1.006103e+02,1.006103e+02,1.006103e+02,1.006103e+02,1.006103e+02,1.006103e+02,1.006103e+02,1.006103e+02,1.006103e+02,1.006103e+02,1.006103e+02,1.006103e+02,1.006103e+02,1.006103e+02,1.006103e+02,1.006103e+02,1.006103e+02,1.006103e+02,1.006103e+02,1.006103e+02,1.006103e+02,1.006103e+02,1.006103e+02,1.006103e+02,1.006103e+02,1.006103e+02,1.006103e+02,1.006103e+02,1.006103e+02,1.006103e+02,1.006103e+02,1.006103e+02,1.006103e+02,1.006103e+02,1.006103e+02,1.006103e+02,1.006103e+02,1.006103e+02,1.006103e+02,1.006103e+02,1.006103e+02,1.006103e+02,1.006103e+02,1.006103e+02,1.006103e+02,1.006103e+02,1.006103e+02,1.006102e+02,1.006102e+02,1.006101e+02,1.006101e+02,1.006100e+02,1.006099e+02,1.006097e+02,1.006095e+02,1.006093e+02,1.006090e+02,1.006086e+02,1.006081e+02,1.006076e+02,1.006069e+02,1.006060e+02,1.006050e+02,1.006038e+02,1.006023e+02,1.006006e+02,1.005985e+02,1.005961e+02,1.005933e+02,1.005901e+02,1.005863e+02,1.005820e+02,1.005771e+02,1.005714e+02,1.005650e+02,1.005578e+02,1.005497e+02,1.005406e+02,1.005305e+02,1.005192e+02,1.005068e+02,1.004930e+02,1.004779e+02,1.004614e+02,1.004433e+02,1.004237e+02,1.004024e+02,1.003794e+02,1.003547e+02,1.003281e+02,1.002996e+02,1.002692e+02,1.002368e+02,1.002025e+02,1.001661e+02,1.001276e+02,1.000872e+02,1.000446e+02,1.000000e+02,
0.845,1.000095e+02,1.000196e+02,1.000303e+02,1.000415e+02,1.000531e+02,1.000653e+02,1.000778e+02,1.000907e+02,1.001039e+02,1.001174e+02,1.001311e+02,1.001450e+02,1.001590e+02,1.001730e+02,1.001871e+02,1.002012e+02,1.002152e+02,1.002291e+02,1.002428e+02,1.002563e+02,1.002697e+02,1.002827e+02,1.002955e+02,1.003080e+02,1.003201e+02,1.003318e+02,1.003432e+02,1.003542e+02,1.003648e+02,1.003750e+02,1.003847e+02,1.003940e+02,1.004029e+02,1.004114e+02,1.004195e+02,1.004271e+02,1.004343e+02,1.004412e+02,1.004476e+02,1.004537e+02,1.004593e+02,1.004647e+02,1.004696e+02,1.004743e+02,1.004786e+02,1.004827e+02,1.004864e+02,1.004899e+02,1.004931e+02,1.004960e+02,1.004988e+02,1.005013e+02,1.005036e+02,1.005057e+02,1.005077e+02,1.005095e+02,1.005111e+02,1.005126e+02,1.005139e+02,1.005152e+02,1.005163e+02,1.005173e+02,1.005182e+02,1.005190e+02,1.005198e+02,1.005204e+02,1.005210e+02,1.005216e+02,1.005221e+02,1.005225e+02,1.005229e+02,1.005233e+02,1.005236e+02,1.005239e+02,1.005241e+02,1.005243e+02,1.005245e+02,1.005247e+02,1.005248e+02,1.005250e+02,1.005251e+02,1.005252e+02,1.005253e+02,1.005254e+02,1.005255e+02,1.005255e+02,1.005256e+02,1.005256e+02,1.005257e+02,1.005257e+02,1.005257e+02,1.005258e+02,1.005258e+02,1.005258e+02,1.005258e+02,1.005259e+02,1.005259e+02,1.005259e+02,1.005259e+02,1.005259e+02,1.005259e+02,1.005259e+02,1.005259e+02,1.005259e+02,1.005259e+02,1.005259e+02,1.005259e+02,1.005259e+02,1.005260e+02,1.005260e+02,1.005260e+02,1.005260e+02,1.005260e+02,1.005260e+02,1.005260e+02,1.005260e+02,1.005260e+02,1.005260e+02,1.005260e+02,1.005260e+02,1.005260e+02,1.005260e+02,1.005260e+02,1.005260e+02,1.005260e+02,1.005260e+02,1.005260e+02,1.005260e+02,1.005260e+02,1.005260e+02,1.005260e+02,1.005260e+02,1.005260e+02,1.005260e+02,1.005260e+02,1.005260e+02,1.005260e+02,1.005260e+02,1.005260e+02,1.005260e+02,1.005260e+02,1.005260e+02,1.005260e+02,1.005260e+02,1.005259e+02,1.005259e+02,1.005259e+02,1.005259e+02,1.005259e+02,1.005258e+02,1.005258e+02,1.005257e+02,1.005257e+02,1.005256e+02,1.005254e+02,1.005253e+02,1.005251e+02,1.005248e+02,1.005245e+02,1.005241e+02,1.005236e+02,1.005230e+02,1.005223e+02,1.005214e+02,1.005204e+02,1.005192e+02,1.005177e+02,1.005159e+02,1.005139e+02,1.005115e+02,1.005088e+02,1.005056e+02,1.005019e+02,1.004977e+02,1.004929e+02,1.004874e+02,1.004813e+02,1.004744e+02,1.004666e+02,1.004579e+02,1.004483e+02,1.004376e+02,1.004259e+02,1.004129e+02,1.003987e+02,1.003832e+02,1.003664e+02,1.003481e+02,1.003283e+02,1.003069e+02,1.002840e+02,1.002595e+02,1.002332e+02,1.002053e+02,1.001756e+02,1.001441e+02,1.001108e+02,1.000757e+02,1.000388e+02,1.000000e+02,
0.85,1.000080e+02,1.000165e+02,1.000255e+02,1.000349e+02,1.000448e+02,1.000551e+02,1.000657e+02,1.000766e+02,1.000878e+02,1.000993e+02,1.001110e+02,1.001228e+02,1.001347e+02,1.001467e+02,1.001587e+02,1.001707e+02,1.001827e+02,1.001946e+02,1.002064e+02,1.002180e+02,1.002295e+02,1.002407e+02,1.002517e+02,1.002624e+02,1.002729e+02,1.002830e+02,1.002929e+02,1.003024e+02,1.003115e+02,1.003204e+02,1.003288e+02,1.003369e+02,1.003447e+02,1.003520e+02,1.003590e+02,1.003657e+02,1.003720e+02,1.003780e+02,1.003836e+02,1.003889e+02,1.003939e+02,1.003985e+02,1.004029e+02,1.004070e+02,1.004108e+02,1.004143e+02,1.004176e+02,1.004207e+02,1.004235e+02,1.004261e+02,1.004286e+02,1.004308e+02,1.004328e+02,1.004347e+02,1.004364e+02,1.004380e+02,1.004395e+02,1.004408e+02,1.004420e+02,1.004431e+02,1.004441e+02,1.004450e+02,1.004458e+02,1.004465e+02,1.004472e+02,1.004478e+02,1.004483e+02,1.004488e+02,1.004493e+02,1.004497e+02,1.004500e+02,1.004503e+02,1.004506e+02,1.004509e+02,1.004511e+02,1.004513e+02,1.004515e+02,1.004516e+02,1.004518e+02,1.004519e+02,1.004520e+02,1.004521e+02,1.004522e+02,1.004523e+02,1.004523e+02,1.004524e+02,1.004524e+02,1.004525e+02,1.004525e+02,1.004526e+02,1.004526e+02,1.004526e+02,1.004526e+02,1.004527e+02,1.004527e+02,1.004527e+02,1.004527e+02,1.004527e+02,1.004527e+02,1.004527e+02,1.004527e+02,1.004527e+02,1.004527e+02,1.004528e+02,1.004528e+02,1.004528e+02,1.004528e+02,1.004528e+02,1.004528e+02,1.004528e+02,1.004528e+02,1.004528e+02,1.004528e+02,1.004528e+02,1.004528e+02,1.004528e+02,1.004528e+02,1.004528e+02,1.004528e+02,1.004528e+02,1.004528e+02,1.004528e+02,1.004528e+02,1.004528e+02,1.004528e+02,1.004528e+02,1.004528e+02,1.004528e+02,1.004528e+02,1.004528e+02,1.004528e+02,1.004528e+02,1.004528e+02,1.004528e+02,1.004528e+02,1.004528e+02,1.004528e+02,1.004528e+02,1.004528e+02,1.004528e+02,1.004528e+02,1.004528e+02,1.004528e+02,1.004528e+02,1.004528e+02,1.004528e+02,1.004527e+02,1.004527e+02,1.004527e+02,1.004527e+02,1.004526e+02,1.004526e+02,1.004525e+02,1.004524e+02,1.004523e+02,1.004522e+02,1.004520e+02,1.004518e+02,1.004516e+02,1.004512e+02,1.004508e+02,1.004503e+02,1.004497e+02,1.004490e+02,1.004481e+02,1.004470e+02,1.004458e+02,1.004443e+02,1.004426e+02,1.004406e+02,1.004382e+02,1.004355e+02,1.004324e+02,1.004288e+02,1.004247e+02,1.004201e+02,1.004148e+02,1.004089e+02,1.004023e+02,1.003949e+02,1.003867e+02,1.003775e+02,1.003675e+02,1.003564e+02,1.003442e+02,1.003309e+02,1.003164e+02,1.003007e+02,1.002837e+02,1.002654e+02,1.002457e+02,1.002245e+02,1.002019e+02,1.001777e+02,1.001521e+02,1.001249e+02,1.000960e+02,1.000656e+02,1.000336e+02,1.000000e+02,
0.855,1.000067e+02,1.000139e+02,1.000214e+02,1.000294e+02,1.000377e+02,1.000464e+02,1.000554e+02,1.000646e+02,1.000742e+02,1.000839e+02,1.000938e+02,1.001038e+02,1.001140e+02,1.001242e+02,1.001345e+02,1.001447e+02,1.001550e+02,1.001652e+02,1.001753e+02,1.001852e+02,1.001950e+02,1.002047e+02,1.002141e+02,1.002234e+02,1.002324e+02,1.002411e+02,1.002496e+02,1.002578e+02,1.002658e+02,1.002734e+02,1.002807e+02,1.002878e+02,1.002945e+02,1.003009e+02,1.003070e+02,1.003128e+02,1.003183e+02,1.003235e+02,1.003284e+02,1.003330e+02,1.003374e+02,1.003414e+02,1.003453e+02,1.003489e+02,1.003522e+02,1.003553e+02,1.003582e+02,1.003609e+02,1.003634e+02,1.003657e+02,1.003678e+02,1.003698e+02,1.003716e+02,1.003733e+02,1.003748e+02,1.003762e+02,1.003775e+02,1.003787e+02,1.003797e+02,1.003807e+02,1.003816e+02,1.003824e+02,1.003831e+02,1.003838e+02,1.003844e+02,1.003849e+02,1.003854e+02,1.003858e+02,1.003862e+02,1.003866e+02,1.003869e+02,1.003872e+02,1.003874e+02,1.003876e+02,1.003878e+02,1.003880e+02,1.003882e+02,1.003883e+02,1.003885e+02,1.003886e+02,1.003887e+02,1.003888e+02,1.003888e+02,1.003889e+02,1.003890e+02,1.003890e+02,1.003891e+02,1.003891e+02,1.003891e+02,1.003892e+02,1.003892e+02,1.003892e+02,1.003892e+02,1.003893e+02,1.003893e+02,1.003893e+02,1.003893e+02,1.003893e+02,1.003893e+02,1.003893e+02,1.003893e+02,1.003893e+02,1.003893e+02,1.003894e+02,1.003894e+02,1.003894e+02,1.003894e+02,1.003894e+02,1.003894e+02,1.003894e+02,1.003894e+02,1.003894e+02,1.003894e+02,1.003894e+02,1.003894e+02,1.003894e+02,1.003894e+02,1.003894e+02,1.003894e+02,1.003894e+02,1.003894e+02,1.003894e+02,1.003894e+02,1.003894e+02,1.003894e+02,1.003894e+02,1.003894e+02,1.003894e+02,1.003894e+02,1.003894e+02,1.003894e+02,1.003894e+02,1.003894e+02,1.003894e+02,1.003894e+02,1.003894e+02,1.003894e+02,1.003894e+02,1.003894e+02,1.003894e+02,1.003894e+02,1.003894e+02,1.003894e+02,1.003894e+02,1.003894e+02,1.003894e+02,1.003893e+02,1.003893e+02,1.003893e+02,1.003893e+02,1.003893e+02,1.003892e+02,1.003892e+02,1.003891e+02,1.003890e+02,1.003889e+02,1.003888e+02,1.003886e+02,1.003883e+02,1.003881e+02,1.003877e+02,1.003873e+02,1.003868e+02,1.003862e+02,1.003854e+02,1.003845e+02,1.003835e+02,1.003822e+02,1.003808e+02,1.003790e+02,1.003771e+02,1.003747e+02,1.003721e+02,1.003691e+02,1.003656e+02,1.003616e+02,1.003572e+02,1.003521e+02,1.003465e+02,1.003402e+02,1.003332e+02,1.003254e+02,1.003167e+02,1.003073e+02,1.002969e+02,1.002855e+02,1.002731e+02,1.002596e+02,1.002450e+02,1.002292e+02,1.002123e+02,1.001940e+02,1.001746e+02,1.001538e+02,1.001316e+02,1.001081e+02,1.000832e+02,1.000569e+02,1.000292e+02,1.000000e+02,
0.86,1.000056e+02,1.000116e+02,1.000180e+02,1.000247e+02,1.000317e+02,1.000390e+02,1.000466e+02,1.000545e+02,1.000625e+02,1.000708e+02,1.000792e+02,1.000877e+02,1.000963e+02,1.001051e+02,1.001138e+02,1.001226e+02,1.001313e+02,1.001400e+02,1.001486e+02,1.001572e+02,1.001656e+02,1.001739e+02,1.001820e+02,1.001899e+02,1.001977e+02,1.002052e+02,1.002125e+02,1.002196e+02,1.002265e+02,1.002331e+02,1.002394e+02,1.002455e+02,1.002513e+02,1.002569e+02,1.002622e+02,1.002672e+02,1.002720e+02,1.002765e+02,1.002808e+02,1.002848e+02,1.002886e+02,1.002922e+02,1.002956e+02,1.002987e+02,1.003016e+02,1.003044e+02,1.003069e+02,1.003093e+02,1.003115e+02,1.003135e+02,1.003154e+02,1.003171e+02,1.003187e+02,1.003202e+02,1.003215e+02,1.003228e+02,1.003239e+02,1.003249e+02,1.003259e+02,1.003267e+02,1.003275e+02,1.003282e+02,1.003289e+02,1.003295e+02,1.003300e+02,1.003305e+02,1.003309e+02,1.003313e+02,1.003317e+02,1.003320e+02,1.003323e+02,1.003325e+02,1.003327e+02,1.003329e+02,1.003331e+02,1.003333e+02,1.003334e+02,1.003336e+02,1.003337e+02,1.003338e+02,1.003339e+02,1.003339e+02,1.003340e+02,1.003341e+02,1.003341e+02,1.003342e+02,1.003342e+02,1.003343e+02,1.003343e+02,1.003343e+02,1.003343e+02,1.003344e+02,1.003344e+02,1.003344e+02,1.003344e+02,1.003344e+02,1.003344e+02,1.003345e+02,1.003345e+02,1.003345e+02,1.003345e+02,1.003345e+02,1.003345e+02,1.003345e+02,1.003345e+02,1.003345e+02,1.003345e+02,1.003345e+02,1.003345e+02,1.003345e+02,1.003345e+02,1.003345e+02,1.003345e+02,1.003345e+02,1.003345e+02,1.003345e+02,1.003345e+02,1.003345e+02,1.003345e+02,1.003345e+02,1.003345e+02,1.003345e+02,1.003345e+02,1.003345e+02,1.003345e+02,1.003345e+02,1.003345e+02,1.003345e+02,1.003345e+02,1.003345e+02,1.003345e+02,1.003345e+02,1.003345e+02,1.003345e+02,1.003345e+02,1.003345e+02,1.003345e+02,1.003345e+02,1.003345e+02,1.003345e+02,1.003345e+02,1.003345e+02,1.003345e+02,1.003345e+02,1.003345e+02,1.003345e+02,1.003345e+02,1.003345e+02,1.003345e+02,1.003344e+02,1.003344e+02,1.003344e+02,1.003343e+02,1.003343e+02,1.003342e+02,1.003341e+02,1.003340e+02,1.003338e+02,1.003336e+02,1.003334e+02,1.003331e+02,1.003328e+02,1.003323e+02,1.003318e+02,1.003312e+02,1.003304e+02,1.003295e+02,1.003285e+02,1.003272e+02,1.003258e+02,1.003241e+02,1.003221e+02,1.003199e+02,1.003173e+02,1.003144e+02,1.003110e+02,1.003072e+02,1.003029e+02,1.002981e+02,1.002928e+02,1.002868e+02,1.002801e+02,1.002728e+02,1.002647e+02,1.002558e+02,1.002460e+02,1.002354e+02,1.002239e+02,1.002113e+02,1.001978e+02,1.001832e+02,1.001676e+02,1.001508e+02,1.001329e+02,1.001138e+02,1.000935e+02,1.000720e+02,1.000492e+02,1.000253e+02,1.000000e+02,
0.865,1.000047e+02,1.000098e+02,1.000151e+02,1.000207e+02,1.000267e+02,1.000328e+02,1.000392e+02,1.000458e+02,1.000527e+02,1.000596e+02,1.000668e+02,1.000740e+02,1.000813e+02,1.000887e+02,1.000962e+02,1.001036e+02,1.001111e+02,1.001185e+02,1.001259e+02,1.001332e+02,1.001404e+02,1.001475e+02,1.001545e+02,1.001613e+02,1.001680e+02,1.001744e+02,1.001807e+02,1.001869e+02,1.001928e+02,1.001985e+02,1.002039e+02,1.002092e+02,1.002142e+02,1.002191e+02,1.002237e+02,1.002280e+02,1.002322e+02,1.002361e+02,1.002399e+02,1.002434e+02,1.002467e+02,1.002498e+02,1.002527e+02,1.002555e+02,1.002580e+02,1.002604e+02,1.002627e+02,1.002647e+02,1.002667e+02,1.002684e+02,1.002701e+02,1.002716e+02,1.002730e+02,1.002743e+02,1.002755e+02,1.002766e+02,1.002776e+02,1.002785e+02,1.002794e+02,1.002801e+02,1.002808e+02,1.002815e+02,1.002821e+02,1.002826e+02,1.002830e+02,1.002835e+02,1.002839e+02,1.002842e+02,1.002845e+02,1.002848e+02,1.002851e+02,1.002853e+02,1.002855e+02,1.002857e+02,1.002858e+02,1.002860e+02,1.002861e+02,1.002862e+02,1.002863e+02,1.002864e+02,1.002865e+02,1.002866e+02,1.002866e+02,1.002867e+02,1.002867e+02,1.002868e+02,1.002868e+02,1.002869e+02,1.002869e+02,1.002869e+02,1.002869e+02,1.002870e+02,1.002870e+02,1.002870e+02,1.002870e+02,1.002870e+02,1.002870e+02,1.002870e+02,1.002870e+02,1.002870e+02,1.002871e+02,1.002871e+02,1.002871e+02,1.002871e+02,1.002871e+02,1.002871e+02,1.002871e+02,1.002871e+02,1.002871e+02,1.002871e+02,1.002871e+02,1.002871e+02,1.002871e+02,1.002871e+02,1.002871e+02,1.002871e+02,1.002871e+02,1.002871e+02,1.002871e+02,1.002871e+02,1.002871e+02,1.002871e+02,1.002871e+02,1.002871e+02,1.002871e+02,1.002871e+02,1.002871e+02,1.002871e+02,1.002871e+02,1.002871e+02,1.002871e+02,1.002871e+02,1.002871e+02,1.002871e+02,1.002871e+02,1.002871e+02,1.002871e+02,1.002871e+02,1.002871e+02,1.002871e+02,1.002871e+02,1.002871e+02,1.002871e+02,1.002871e+02,1.002871e+02,1.002871e+02,1.002871e+02,1.002871e+02,1.002870e+02,1.002870e+02,1.002870e+02,1.002870e+02,1.002869e+02,1.002869e+02,1.002868e+02,1.002868e+02,1.002867e+02,1.002865e+02,1.002864e+02,1.002862e+02,1.002859e+02,1.002856e+02,1.002853e+02,1.002848e+02,1.002843e+02,1.002836e+02,1.002829e+02,1.002820e+02,1.002810e+02,1.002797e+02,1.002783e+02,1.002767e+02,1.002747e+02,1.002726e+02,1.002701e+02,1.002672e+02,1.002640e+02,1.002604e+02,1.002563e+02,1.002517e+02,1.002466e+02,1.002409e+02,1.002347e+02,1.002277e+02,1.002201e+02,1.002118e+02,1.002027e+02,1.001928e+02,1.001821e+02,1.001705e+02,1.001580e+02,1.001446e+02,1.001301e+02,1.001147e+02,1.000983e+02,1.000808e+02,1.000622e+02,1.000426e+02,1.000219e+02,1.000000e+02,
0.87,1.000039e+02,1.000082e+02,1.000127e+02,1.000174e+02,1.000224e+02,1.000276e+02,1.000330e+02,1.000385e+02,1.000443e+02,1.000502e+02,1.000562e+02,1.000624e+02,1.000686e+02,1.000749e+02,1.000812e+02,1.000876e+02,1.000939e+02,1.001002e+02,1.001065e+02,1.001128e+02,1.001189e+02,1.001250e+02,1.001310e+02,1.001368e+02,1.001425e+02,1.001481e+02,1.001535e+02,1.001588e+02,1.001639e+02,1.001688e+02,1.001735e+02,1.001781e+02,1.001824e+02,1.001866e+02,1.001906e+02,1.001944e+02,1.001980e+02,1.002014e+02,1.002046e+02,1.002077e+02,1.002106e+02,1.002133e+02,1.002159e+02,1.002183e+02,1.002205e+02,1.002226e+02,1.002246e+02,1.002264e+02,1.002281e+02,1.002296e+02,1.002311e+02,1.002324e+02,1.002337e+02,1.002348e+02,1.002359e+02,1.002368e+02,1.002377e+02,1.002385e+02,1.002393e+02,1.002399e+02,1.002406e+02,1.002411e+02,1.002416e+02,1.002421e+02,1.002425e+02,1.002429e+02,1.002432e+02,1.002436e+02,1.002438e+02,1.002441e+02,1.002443e+02,1.002445e+02,1.002447e+02,1.002449e+02,1.002450e+02,1.002451e+02,1.002453e+02,1.002454e+02,1.002455e+02,1.002455e+02,1.002456e+02,1.002457e+02,1.002457e+02,1.002458e+02,1.002458e+02,1.002459e+02,1.002459e+02,1.002459e+02,1.002460e+02,1.002460e+02,1.002460e+02,1.002460e+02,1.002460e+02,1.002461e+02,1.002461e+02,1.002461e+02,1.002461e+02,1.002461e+02,1.002461e+02,1.002461e+02,1.002461e+02,1.002461e+02,1.002461e+02,1.002461e+02,1.002461e+02,1.002461e+02,1.002461e+02,1.002461e+02,1.002461e+02,1.002461e+02,1.002461e+02,1.002461e+02,1.002461e+02,1.002461e+02,1.002461e+02,1.002461e+02,1.002461e+02,1.002461e+02,1.002461e+02,1.002461e+02,1.002461e+02,1.002461e+02,1.002461e+02,1.002461e+02,1.002461e+02,1.002461e+02,1.002461e+02,1.002461e+02,1.002461e+02,1.002461e+02,1.002461e+02,1.002461e+02,1.002461e+02,1.002461e+02,1.002461e+02,1.002461e+02,1.002461e+02,1.002461e+02,1.002461e+02,1.002461e+02,1.002461e+02,1.002461e+02,1.002461e+02,1.002461e+02,1.002461e+02,1.002461e+02,1.002461e+02,1.002461e+02,1.002461e+02,1.002461e+02,1.002461e+02,1.002461e+02,1.002460e+02,1.002460e+02,1.002459e+02,1.002459e+02,1.002458e+02,1.002457e+02,1.002455e+02,1.002454e+02,1.002452e+02,1.002449e+02,1.002446e+02,1.002442e+02,1.002438e+02,1.002433e+02,1.002426e+02,1.002419e+02,1.002410e+02,1.002399e+02,1.002387e+02,1.002373e+02,1.002357e+02,1.002339e+02,1.002318e+02,1.002294e+02,1.002266e+02,1.002235e+02,1.002201e+02,1.002162e+02,1.002118e+02,1.002070e+02,1.002017e+02,1.001958e+02,1.001893e+02,1.001822e+02,1.001744e+02,1.001660e+02,1.001568e+02,1.001469e+02,1.001361e+02,1.001246e+02,1.001122e+02,1.000990e+02,1.000848e+02,1.000697e+02,1.000537e+02,1.000368e+02,1.000189e+02,1.000000e+02,
0.875,1.000033e+02,1.000068e+02,1.000106e+02,1.000146e+02,1.000187e+02,1.000231e+02,1.000277e+02,1.000324e+02,1.000372e+02,1.000422e+02,1.000473e+02,1.000525e+02,1.000578e+02,1.000631e+02,1.000685e+02,1.000739e+02,1.000793e+02,1.000847e+02,1.000900e+02,1.000954e+02,1.001006e+02,1.001058e+02,1.001109e+02,1.001159e+02,1.001208e+02,1.001256e+02,1.001303e+02,1.001348e+02,1.001392e+02,1.001434e+02,1.001475e+02,1.001514e+02,1.001552e+02,1.001588e+02,1.001622e+02,1.001655e+02,1.001686e+02,1.001716e+02,1.001744e+02,1.001771e+02,1.001796e+02,1.001820e+02,1.001842e+02,1.001863e+02,1.001882e+02,1.001901e+02,1.001918e+02,1.001934e+02,1.001948e+02,1.001962e+02,1.001975e+02,1.001987e+02,1.001998e+02,1.002008e+02,1.002017e+02,1.002025e+02,1.002033e+02,1.002040e+02,1.002047e+02,1.002053e+02,1.002058e+02,1.002063e+02,1.002068e+02,1.002072e+02,1.002076e+02,1.002079e+02,1.002082e+02,1.002085e+02,1.002088e+02,1.002090e+02,1.002092e+02,1.002094e+02,1.002095e+02,1.002097e+02,1.002098e+02,1.002099e+02,1.002100e+02,1.002101e+02,1.002102e+02,1.002103e+02,1.002103e+02,1.002104e+02,1.002105e+02,1.002105e+02,1.002105e+02,1.002106e+02,1.002106e+02,1.002106e+02,1.002107e+02,1.002107e+02,1.002107e+02,1.002107e+02,1.002107e+02,1.002107e+02,1.002108e+02,1.002108e+02,1.002108e+02,1.002108e+02,1.002108e+02,1.002108e+02,1.002108e+02,1.002108e+02,1.002108e+02,1.002108e+02,1.002108e+02,1.002108e+02,1.002108e+02,1.002108e+02,1.002108e+02,1.002108e+02,1.002108e+02,1.002108e+02,1.002108e+02,1.002108e+02,1.002108e+02,1.002108e+02,1.002108e+02,1.002108e+02,1.002108e+02,1.002108e+02,1.002108e+02,1.002108e+02,1.002108e+02,1.002108e+02,1.002108e+02,1.002108e+02,1.002108e+02,1.002108e+02,1.002108e+02,1.002108e+02,1.002108e+02,1.002108e+02,1.002108e+02,1.002108e+02,1.002108e+02,1.002108e+02,1.002108e+02,1.002108e+02,1.002108e+02,1.002108e+02,1.002108e+02,1.002108e+02,1.002108e+02,1.002108e+02,1.002108e+02,1.002108e+02,1.002108e+02,1.002108e+02,1.002108e+02,1.002108e+02,1.002108e+02,1.002107e+02,1.002107e+02,1.002107e+02,1.002106e+02,1.002106e+02,1.002105e+02,1.002104e+02,1.002103e+02,1.002102e+02,1.002100e+02,1.002098e+02,1.002095e+02,1.002092e+02,1.002088e+02,1.002084e+02,1.002079e+02,1.002072e+02,1.002065e+02,1.002056e+02,1.002046e+02,1.002034e+02,1.002021e+02,1.002005e+02,1.001987e+02,1.001967e+02,1.001943e+02,1.001917e+02,1.001888e+02,1.001855e+02,1.001818e+02,1.001777e+02,1.001732e+02,1.001681e+02,1.001626e+02,1.001566e+02,1.001499e+02,1.001427e+02,1.001349e+02,1.001263e+02,1.001172e+02,1.001073e+02,1.000966e+02,1.000853e+02,1.000731e+02,1.000602e+02,1.000464e+02,1.000318e+02,1.000163e+02,1.000000e+02,
0.88,1.000028e+02,1.000057e+02,1.000089e+02,1.000122e+02,1.000157e+02,1.000194e+02,1.000232e+02,1.000271e+02,1.000312e+02,1.000354e+02,1.000398e+02,1.000441e+02,1.000486e+02,1.000531e+02,1.000577e+02,1.000623e+02,1.000669e+02,1.000714e+02,1.000760e+02,1.000805e+02,1.000850e+02,1.000895e+02,1.000938e+02,1.000981e+02,1.001023e+02,1.001064e+02,1.001104e+02,1.001143e+02,1.001181e+02,1.001217e+02,1.001252e+02,1.001286e+02,1.001318e+02,1.001350e+02,1.001379e+02,1.001408e+02,1.001435e+02,1.001461e+02,1.001485e+02,1.001508e+02,1.001530e+02,1.001550e+02,1.001570e+02,1.001588e+02,1.001605e+02,1.001621e+02,1.001636e+02,1.001650e+02,1.001663e+02,1.001675e+02,1.001686e+02,1.001696e+02,1.001706e+02,1.001715e+02,1.001723e+02,1.001731e+02,1.001737e+02,1.001744e+02,1.001750e+02,1.001755e+02,1.001760e+02,1.001764e+02,1.001768e+02,1.001772e+02,1.001775e+02,1.001778e+02,1.001781e+02,1.001783e+02,1.001785e+02,1.001787e+02,1.001789e+02,1.001791e+02,1.001792e+02,1.001794e+02,1.001795e+02,1.001796e+02,1.001797e+02,1.001798e+02,1.001798e+02,1.001799e+02,1.001800e+02,1.001800e+02,1.001801e+02,1.001801e+02,1.001801e+02,1.001802e+02,1.001802e+02,1.001802e+02,1.001802e+02,1.001803e+02,1.001803e+02,1.001803e+02,1.001803e+02,1.001803e+02,1.001803e+02,1.001803e+02,1.001803e+02,1.001804e+02,1.001804e+02,1.001804e+02,1.001804e+02,1.001804e+02,1.001804e+02,1.001804e+02,1.001804e+02,1.001804e+02,1.001804e+02,1.001804e+02,1.001804e+02,1.001804e+02,1.001804e+02,1.001804e+02,1.001804e+02,1.001804e+02,1.001804e+02,1.001804e+02,1.001804e+02,1.001804e+02,1.001804e+02,1.001804e+02,1.001804e+02,1.001804e+02,1.001804e+02,1.001804e+02,1.001804e+02,1.001804e+02,1.001804e+02,1.001804e+02,1.001804e+02,1.001804e+02,1.001804e+02,1.001804e+02,1.001804e+02,1.001804e+02,1.001804e+02,1.001804e+02,1.001804e+02,1.001804e+02,1.001804e+02,1.001804e+02,1.001804e+02,1.001804e+02,1.001804e+02,1.001804e+02,1.001804e+02,1.001804e+02,1.001804e+02,1.001804e+02,1.001804e+02,1.001804e+02,1.001804e+02,1.001803e+02,1.001803e+02,1.001803e+02,1.001802e+02,1.001802e+02,1.001801e+02,1.001801e+02,1.001800e+02,1.001799e+02,1.001797e+02,1.001795e+02,1.001793e+02,1.001791e+02,1.001787e+02,1.001784e+02,1.001779e+02,1.001774e+02,1.001768e+02,1.001760e+02,1.001752e+02,1.001742e+02,1.001730e+02,1.001717e+02,1.001702e+02,1.001685e+02,1.001665e+02,1.001643e+02,1.001618e+02,1.001590e+02,1.001559e+02,1.001524e+02,1.001485e+02,1.001443e+02,1.001396e+02,1.001344e+02,1.001287e+02,1.001226e+02,1.001159e+02,1.001086e+02,1.001007e+02,1.000923e+02,1.000832e+02,1.000734e+02,1.000630e+02,1.000518e+02,1.000400e+02,1.000274e+02,1.000141e+02,1.000000e+02,
0.885,1.000023e+02,1.000048e+02,1.000074e+02,1.000102e+02,1.000131e+02,1.000162e+02,1.000194e+02,1.000227e+02,1.000262e+02,1.000297e+02,1.000334e+02,1.000371e+02,1.000408e+02,1.000447e+02,1.000485e+02,1.000524e+02,1.000563e+02,1.000602e+02,1.000641e+02,1.000680e+02,1.000718e+02,1.000756e+02,1.000793e+02,1.000830e+02,1.000865e+02,1.000901e+02,1.000935e+02,1.000968e+02,1.001000e+02,1.001032e+02,1.001062e+02,1.001091e+02,1.001119e+02,1.001146e+02,1.001172e+02,1.001196e+02,1.001219e+02,1.001242e+02,1.001263e+02,1.001283e+02,1.001302e+02,1.001320e+02,1.001337e+02,1.001352e+02,1.001367e+02,1.001381e+02,1.001394e+02,1.001406e+02,1.001418e+02,1.001428e+02,1.001438e+02,1.001447e+02,1.001456e+02,1.001463e+02,1.001470e+02,1.001477e+02,1.001483e+02,1.001489e+02,1.001494e+02,1.001498e+02,1.001503e+02,1.001507e+02,1.001510e+02,1.001513e+02,1.001516e+02,1.001519e+02,1.001521e+02,1.001524e+02,1.001526e+02,1.001527e+02,1.001529e+02,1.001530e+02,1.001532e+02,1.001533e+02,1.001534e+02,1.001535e+02,1.001536e+02,1.001536e+02,1.001537e+02,1.001538e+02,1.001538e+02,1.001539e+02,1.001539e+02,1.001539e+02,1.001540e+02,1.001540e+02,1.001540e+02,1.001541e+02,1.001541e+02,1.001541e+02,1.001541e+02,1.001541e+02,1.001541e+02,1.001541e+02,1.001541e+02,1.001542e+02,1.001542e+02,1.001542e+02,1.001542e+02,1.001542e+02,1.001542e+02,1.001542e+02,1.001542e+02,1.001542e+02,1.001542e+02,1.001542e+02,1.001542e+02,1.001542e+02,1.001542e+02,1.001542e+02,1.001542e+02,1.001542e+02,1.001542e+02,1.001542e+02,1.001542e+02,1.001542e+02,1.001542e+02,1.001542e+02,1.001542e+02,1.001542e+02,1.001542e+02,1.001542e+02,1.001542e+02,1.001542e+02,1.001542e+02,1.001542e+02,1.001542e+02,1.001542e+02,1.001542e+02,1.001542e+02,1.001542e+02,1.001542e+02,1.001542e+02,1.001542e+02,1.001542e+02,1.001542e+02,1.001542e+02,1.001542e+02,1.001542e+02,1.001542e+02,1.001542e+02,1.001542e+02,1.001542e+02,1.001542e+02,1.001542e+02,1.001542e+02,1.001542e+02,1.001542e+02,1.001542e+02,1.001542e+02,1.001542e+02,1.001542e+02,1.001541e+02,1.001541e+02,1.001541e+02,1.001540e+02,1.001540e+02,1.001539e+02,1.001539e+02,1.001538e+02,1.001536e+02,1.001535e+02,1.001533e+02,1.001531e+02,1.001528e+02,1.001525e+02,1.001521e+02,1.001517e+02,1.001512e+02,1.001505e+02,1.001498e+02,1.001490e+02,1.001480e+02,1.001469e+02,1.001456e+02,1.001442e+02,1.001425e+02,1.001406e+02,1.001385e+02,1.001362e+02,1.001335e+02,1.001306e+02,1.001273e+02,1.001236e+02,1.001197e+02,1.001153e+02,1.001104e+02,1.001052e+02,1.000995e+02,1.000933e+02,1.000865e+02,1.000793e+02,1.000715e+02,1.000631e+02,1.000542e+02,1.000446e+02,1.000344e+02,1.000236e+02,1.000121e+02,1.000000e+02,
0.89,1.000019e+02,1.000040e+02,1.000062e+02,1.000085e+02,1.000110e+02,1.000135e+02,1.000162e+02,1.000190e+02,1.000219e+02,1.000249e+02,1.000280e+02,1.000311e+02,1.000343e+02,1.000375e+02,1.000408e+02,1.000441e+02,1.000474e+02,1.000507e+02,1.000540e+02,1.000573e+02,1.000605e+02,1.000637e+02,1.000669e+02,1.000701e+02,1.000731e+02,1.000761e+02,1.000790e+02,1.000819e+02,1.000847e+02,1.000874e+02,1.000900e+02,1.000925e+02,1.000949e+02,1.000972e+02,1.000994e+02,1.001015e+02,1.001035e+02,1.001055e+02,1.001073e+02,1.001090e+02,1.001107e+02,1.001122e+02,1.001137e+02,1.001151e+02,1.001163e+02,1.001176e+02,1.001187e+02,1.001198e+02,1.001207e+02,1.001217e+02,1.001225e+02,1.001233e+02,1.001240e+02,1.001247e+02,1.001254e+02,1.001259e+02,1.001265e+02,1.001270e+02,1.001274e+02,1.001278e+02,1.001282e+02,1.001285e+02,1.001289e+02,1.001291e+02,1.001294e+02,1.001296e+02,1.001298e+02,1.001300e+02,1.001302e+02,1.001304e+02,1.001305e+02,1.001306e+02,1.001308e+02,1.001309e+02,1.001310e+02,1.001310e+02,1.001311e+02,1.001312e+02,1.001312e+02,1.001313e+02,1.001313e+02,1.001314e+02,1.001314e+02,1.001315e+02,1.001315e+02,1.001315e+02,1.001315e+02,1.001316e+02,1.001316e+02,1.001316e+02,1.001316e+02,1.001316e+02,1.001316e+02,1.001316e+02,1.001316e+02,1.001316e+02,1.001317e+02,1.001317e+02,1.001317e+02,1.001317e+02,1.001317e+02,1.001317e+02,1.001317e+02,1.001317e+02,1.001317e+02,1.001317e+02,1.001317e+02,1.001317e+02,1.001317e+02,1.001317e+02,1.001317e+02,1.001317e+02,1.001317e+02,1.001317e+02,1.001317e+02,1.001317e+02,1.001317e+02,1.001317e+02,1.001317e+02,1.001317e+02,1.001317e+02,1.001317e+02,1.001317e+02,1.001317e+02,1.001317e+02,1.001317e+02,1.001317e+02,1.001317e+02,1.001317e+02,1.001317e+02,1.001317e+02,1.001317e+02,1.001317e+02,1.001317e+02,1.001317e+02,1.001317e+02,1.001317e+02,1.001317e+02,1.001317e+02,1.001317e+02,1.001317e+02,1.001317e+02,1.001317e+02,1.001317e+02,1.001317e+02,1.001317e+02,1.001317e+02,1.001317e+02,1.001317e+02,1.001317e+02,1.001317e+02,1.001317e+02,1.001316e+02,1.001316e+02,1.001316e+02,1.001316e+02,1.001315e+02,1.001315e+02,1.001314e+02,1.001313e+02,1.001312e+02,1.001311e+02,1.001309e+02,1.001308e+02,1.001305e+02,1.001303e+02,1.001300e+02,1.001296e+02,1.001291e+02,1.001286e+02,1.001280e+02,1.001273e+02,1.001265e+02,1.001256e+02,1.001245e+02,1.001233e+02,1.001219e+02,1.001203e+02,1.001185e+02,1.001165e+02,1.001142e+02,1.001117e+02,1.001090e+02,1.001059e+02,1.001025e+02,1.000988e+02,1.000947e+02,1.000902e+02,1.000853e+02,1.000800e+02,1.000743e+02,1.000681e+02,1.000614e+02,1.000542e+02,1.000466e+02,1.000384e+02,1.000296e+02,1.000203e+02,1.000105e+02,1.000000e+02,
0.895,1.000016e+02,1.000033e+02,1.000051e+02,1.000071e+02,1.000091e+02,1.000113e+02,1.000136e+02,1.000159e+02,1.000183e+02,1.000208e+02,1.000234e+02,1.000261e+02,1.000287e+02,1.000315e+02,1.000342e+02,1.000370e+02,1.000398e+02,1.000426e+02,1.000454e+02,1.000482e+02,1.000510e+02,1.000537e+02,1.000564e+02,1.000591e+02,1.000617e+02,1.000643e+02,1.000668e+02,1.000692e+02,1.000716e+02,1.000739e+02,1.000761e+02,1.000783e+02,1.000803e+02,1.000823e+02,1.000842e+02,1.000861e+02,1.000878e+02,1.000895e+02,1.000911e+02,1.000926e+02,1.000940e+02,1.000953e+02,1.000966e+02,1.000978e+02,1.000989e+02,1.001000e+02,1.001009e+02,1.001019e+02,1.001027e+02,1.001035e+02,1.001043e+02,1.001050e+02,1.001056e+02,1.001062e+02,1.001068e+02,1.001073e+02,1.001077e+02,1.001082e+02,1.001086e+02,1.001089e+02,1.001093e+02,1.001096e+02,1.001098e+02,1.001101e+02,1.001103e+02,1.001105e+02,1.001107e+02,1.001109e+02,1.001110e+02,1.001112e+02,1.001113e+02,1.001114e+02,1.001115e+02,1.001116e+02,1.001117e+02,1.001118e+02,1.001118e+02,1.001119e+02,1.001120e+02,1.001120e+02,1.001120e+02,1.001121e+02,1.001121e+02,1.001121e+02,1.001122e+02,1.001122e+02,1.001122e+02,1.001122e+02,1.001122e+02,1.001123e+02,1.001123e+02,1.001123e+02,1.001123e+02,1.001123e+02,1.001123e+02,1.001123e+02,1.001123e+02,1.001123e+02,1.001123e+02,1.001123e+02,1.001123e+02,1.001123e+02,1.001123e+02,1.001123e+02,1.001123e+02,1.001123e+02,1.001124e+02,1.001124e+02,1.001124e+02,1.001124e+02,1.001124e+02,1.001124e+02,1.001124e+02,1.001124e+02,1.001124e+02,1.001124e+02,1.001124e+02,1.001124e+02,1.001124e+02,1.001124e+02,1.001124e+02,1.001124e+02,1.001124e+02,1.001124e+02,1.001124e+02,1.001124e+02,1.001124e+02,1.001124e+02,1.001124e+02,1.001124e+02,1.001124e+02,1.001124e+02,1.001124e+02,1.001124e+02,1.001124e+02,1.001124e+02,1.001124e+02,1.001124e+02,1.001124e+02,1.001124e+02,1.001124e+02,1.001124e+02,1.001124e+02,1.001124e+02,1.001124e+02,1.001124e+02,1.001124e+02,1.001124e+02,1.001123e+02,1.001123e+02,1.001123e+02,1.001123e+02,1.001123e+02,1.001123e+02,1.001123e+02,1.001122e+02,1.001122e+02,1.001122e+02,1.001121e+02,1.001120e+02,1.001120e+02,1.001119e+02,1.001117e+02,1.001116e+02,1.001114e+02,1.001112e+02,1.001109e+02,1.001106e+02,1.001102e+02,1.001098e+02,1.001093e+02,1.001087e+02,1.001080e+02,1.001072e+02,1.001063e+02,1.001053e+02,1.001041e+02,1.001028e+02,1.001013e+02,1.000996e+02,1.000977e+02,1.000955e+02,1.000932e+02,1.000906e+02,1.000877e+02,1.000845e+02,1.000810e+02,1.000772e+02,1.000731e+02,1.000686e+02,1.000637e+02,1.000584e+02,1.000527e+02,1.000466e+02,1.000400e+02,1.000330e+02,1.000255e+02,1.000175e+02,1.000090e+02,1.000000e+02,
0.9,1.000013e+02,1.000027e+02,1.000043e+02,1.000059e+02,1.000076e+02,1.000094e+02,1.000113e+02,1.000133e+02,1.000153e+02,1.000174e+02,1.000196e+02,1.000218e+02,1.000241e+02,1.000264e+02,1.000287e+02,1.000311e+02,1.000334e+02,1.000358e+02,1.000382e+02,1.000405e+02,1.000429e+02,1.000452e+02,1.000475e+02,1.000498e+02,1.000520e+02,1.000542e+02,1.000563e+02,1.000584e+02,1.000605e+02,1.000624e+02,1.000643e+02,1.000662e+02,1.000680e+02,1.000697e+02,1.000713e+02,1.000729e+02,1.000744e+02,1.000758e+02,1.000772e+02,1.000785e+02,1.000797e+02,1.000809e+02,1.000820e+02,1.000830e+02,1.000840e+02,1.000849e+02,1.000858e+02,1.000866e+02,1.000873e+02,1.000880e+02,1.000887e+02,1.000893e+02,1.000898e+02,1.000903e+02,1.000908e+02,1.000913e+02,1.000917e+02,1.000921e+02,1.000924e+02,1.000927e+02,1.000930e+02,1.000933e+02,1.000935e+02,1.000938e+02,1.000940e+02,1.000941e+02,1.000943e+02,1.000945e+02,1.000946e+02,1.000947e+02,1.000948e+02,1.000949e+02,1.000950e+02,1.000951e+02,1.000952e+02,1.000952e+02,1.000953e+02,1.000954e+02,1.000954e+02,1.000954e+02,1.000955e+02,1.000955e+02,1.000955e+02,1.000956e+02,1.000956e+02,1.000956e+02,1.000956e+02,1.000957e+02,1.000957e+02,1.000957e+02,1.000957e+02,1.000957e+02,1.000957e+02,1.000957e+02,1.000957e+02,1.000957e+02,1.000957e+02,1.000957e+02,1.000957e+02,1.000957e+02,1.000958e+02,1.000958e+02,1.000958e+02,1.000958e+02,1.000958e+02,1.000958e+02,1.000958e+02,1.000958e+02,1.000958e+02,1.000958e+02,1.000958e+02,1.000958e+02,1.000958e+02,1.000958e+02,1.000958e+02,1.000958e+02,1.000958e+02,1.000958e+02,1.000958e+02,1.000958e+02,1.000958e+02,1.000958e+02,1.000958e+02,1.000958e+02,1.000958e+02,1.000958e+02,1.000958e+02,1.000958e+02,1.000958e+02,1.000958e+02,1.000958e+02,1.000958e+02,1.000958e+02,1.000958e+02,1.000958e+02,1.000958e+02,1.000958e+02,1.000958e+02,1.000958e+02,1.000958e+02,1.000958e+02,1.000958e+02,1.000958e+02,1.000958e+02,1.000958e+02,1.000958e+02,1.000958e+02,1.000958e+02,1.000958e+02,1.000958e+02,1.000957e+02,1.000957e+02,1.000957e+02,1.000957e+02,1.000957e+02,1.000957e+02,1.000956e+02,1.000956e+02,1.000956e+02,1.000955e+02,1.000954e+02,1.000954e+02,1.000953e+02,1.000951e+02,1.000950e+02,1.000948e+02,1.000946e+02,1.000943e+02,1.000940e+02,1.000936e+02,1.000932e+02,1.000927e+02,1.000921e+02,1.000915e+02,1.000907e+02,1.000898e+02,1.000888e+02,1.000877e+02,1.000864e+02,1.000850e+02,1.000834e+02,1.000816e+02,1.000796e+02,1.000774e+02,1.000750e+02,1.000723e+02,1.000693e+02,1.000661e+02,1.000626e+02,1.000587e+02,1.000546e+02,1.000500e+02,1.000452e+02,1.000399e+02,1.000343e+02,1.000283e+02,1.000219e+02,1.000150e+02,1.000077e+02,1.000000e+02,
0.905,1.000011e+02,1.000023e+02,1.000035e+02,1.000049e+02,1.000063e+02,1.000078e+02,1.000094e+02,1.000111e+02,1.000128e+02,1.000145e+02,1.000164e+02,1.000182e+02,1.000201e+02,1.000221e+02,1.000240e+02,1.000260e+02,1.000280e+02,1.000300e+02,1.000320e+02,1.000340e+02,1.000360e+02,1.000380e+02,1.000400e+02,1.000419e+02,1.000438e+02,1.000457e+02,1.000475e+02,1.000493e+02,1.000510e+02,1.000527e+02,1.000543e+02,1.000559e+02,1.000574e+02,1.000589e+02,1.000603e+02,1.000617e+02,1.000630e+02,1.000642e+02,1.000654e+02,1.000665e+02,1.000675e+02,1.000686e+02,1.000695e+02,1.000704e+02,1.000712e+02,1.000720e+02,1.000728e+02,1.000735e+02,1.000741e+02,1.000747e+02,1.000753e+02,1.000758e+02,1.000763e+02,1.000768e+02,1.000772e+02,1.000776e+02,1.000779e+02,1.000783e+02,1.000786e+02,1.000789e+02,1.000791e+02,1.000794e+02,1.000796e+02,1.000798e+02,1.000799e+02,1.000801e+02,1.000802e+02,1.000804e+02,1.000805e+02,1.000806e+02,1.000807e+02,1.000808e+02,1.000809e+02,1.000810e+02,1.000810e+02,1.000811e+02,1.000811e+02,1.000812e+02,1.000812e+02,1.000813e+02,1.000813e+02,1.000813e+02,1.000814e+02,1.000814e+02,1.000814e+02,1.000814e+02,1.000814e+02,1.000814e+02,1.000815e+02,1.000815e+02,1.000815e+02,1.000815e+02,1.000815e+02,1.000815e+02,1.000815e+02,1.000815e+02,1.000815e+02,1.000815e+02,1.000815e+02,1.000815e+02,1.000815e+02,1.000815e+02,1.000815e+02,1.000815e+02,1.000815e+02,1.000815e+02,1.000815e+02,1.000815e+02,1.000815e+02,1.000815e+02,1.000815e+02,1.000815e+02,1.000815e+02,1.000816e+02,1.000816e+02,1.000816e+02,1.000816e+02,1.000816e+02,1.000816e+02,1.000816e+02,1.000816e+02,1.000816e+02,1.000816e+02,1.000816e+02,1.000816e+02,1.000816e+02,1.000816e+02,1.000816e+02,1.000816e+02,1.000816e+02,1.000816e+02,1.000816e+02,1.000816e+02,1.000816e+02,1.000816e+02,1.000816e+02,1.000816e+02,1.000816e+02,1.000816e+02,1.000816e+02,1.000816e+02,1.000816e+02,1.000816e+02,1.000816e+02,1.000816e+02,1.000815e+02,1.000815e+02,1.000815e+02,1.000815e+02,1.000815e+02,1.000815e+02,1.000815e+02,1.000815e+02,1.000815e+02,1.000815e+02,1.000815e+02,1.000815e+02,1.000814e+02,1.000814e+02,1.000813e+02,1.000813e+02,1.000812e+02,1.000811e+02,1.000810e+02,1.000809e+02,1.000807e+02,1.000805e+02,1.000803e+02,1.000801e+02,1.000798e+02,1.000794e+02,1.000790e+02,1.000785e+02,1.000780e+02,1.000773e+02,1.000766e+02,1.000757e+02,1.000748e+02,1.000737e+02,1.000725e+02,1.000712e+02,1.000697e+02,1.000680e+02,1.000661e+02,1.000640e+02,1.000618e+02,1.000592e+02,1.000565e+02,1.000535e+02,1.000502e+02,1.000467e+02,1.000428e+02,1.000387e+02,1.000342e+02,1.000294e+02,1.000243e+02,1.000188e+02,1.000129e+02,1.000066e+02,1.000000e+02,
0.91,1.000009e+02,1.000019e+02,1.000029e+02,1.000041e+02,1.000053e+02,1.000065e+02,1.000078e+02,1.000092e+02,1.000107e+02,1.000121e+02,1.000137e+02,1.000152e+02,1.000168e+02,1.000185e+02,1.000201e+02,1.000218e+02,1.000235e+02,1.000252e+02,1.000269e+02,1.000286e+02,1.000303e+02,1.000319e+02,1.000336e+02,1.000352e+02,1.000368e+02,1.000384e+02,1.000400e+02,1.000415e+02,1.000430e+02,1.000444e+02,1.000458e+02,1.000472e+02,1.000485e+02,1.000497e+02,1.000509e+02,1.000521e+02,1.000532e+02,1.000543e+02,1.000553e+02,1.000563e+02,1.000572e+02,1.000580e+02,1.000589e+02,1.000596e+02,1.000604e+02,1.000611e+02,1.000617e+02,1.000623e+02,1.000629e+02,1.000634e+02,1.000639e+02,1.000644e+02,1.000648e+02,1.000652e+02,1.000655e+02,1.000659e+02,1.000662e+02,1.000665e+02,1.000668e+02,1.000670e+02,1.000672e+02,1.000674e+02,1.000676e+02,1.000678e+02,1.000679e+02,1.000681e+02,1.000682e+02,1.000683e+02,1.000684e+02,1.000685e+02,1.000686e+02,1.000687e+02,1.000688e+02,1.000688e+02,1.000689e+02,1.000690e+02,1.000690e+02,1.000690e+02,1.000691e+02,1.000691e+02,1.000691e+02,1.000692e+02,1.000692e+02,1.000692e+02,1.000692e+02,1.000693e+02,1.000693e+02,1.000693e+02,1.000693e+02,1.000693e+02,1.000693e+02,1.000693e+02,1.000693e+02,1.000693e+02,1.000693e+02,1.000693e+02,1.000694e+02,1.000694e+02,1.000694e+02,1.000694e+02,1.000694e+02,1.000694e+02,1.000694e+02,1.000694e+02,1.000694e+02,1.000694e+02,1.000694e+02,1.000694e+02,1.000694e+02,1.000694e+02,1.000694e+02,1.000694e+02,1.000694e+02,1.000694e+02,1.000694e+02,1.000694e+02,1.000694e+02,1.000694e+02,1.000694e+02,1.000694e+02,1.000694e+02,1.000694e+02,1.000694e+02,1.000694e+02,1.000694e+02,1.000694e+02,1.000694e+02,1.000694e+02,1.000694e+02,1.000694e+02,1.000694e+02,1.000694e+02,1.000694e+02,1.000694e+02,1.000694e+02,1.000694e+02,1.000694e+02,1.000694e+02,1.000694e+02,1.000694e+02,1.000694e+02,1.000694e+02,1.000694e+02,1.000694e+02,1.000694e+02,1.000694e+02,1.000694e+02,1.000694e+02,1.000694e+02,1.000694e+02,1.000694e+02,1.000694e+02,1.000694e+02,1.000693e+02,1.000693e+02,1.000693e+02,1.000693e+02,1.000693e+02,1.000692e+02,1.000692e+02,1.000692e+02,1.000691e+02,1.000690e+02,1.000689e+02,1.000688e+02,1.000687e+02,1.000685e+02,1.000684e+02,1.000681e+02,1.000679e+02,1.000676e+02,1.000672e+02,1.000668e+02,1.000664e+02,1.000658e+02,1.000652e+02,1.000645e+02,1.000637e+02,1.000628e+02,1.000618e+02,1.000607e+02,1.000594e+02,1.000580e+02,1.000564e+02,1.000546e+02,1.000527e+02,1.000506e+02,1.000483e+02,1.000457e+02,1.000429e+02,1.000399e+02,1.000366e+02,1.000331e+02,1.000293e+02,1.000252e+02,1.000208e+02,1.000161e+02,1.000111e+02,1.000057e+02,1.000000e+02,
0.915,1.000008e+02,1.000016e+02,1.000024e+02,1.000034e+02,1.000044e+02,1.000054e+02,1.000065e+02,1.000077e+02,1.000089e+02,1.000101e+02,1.000114e+02,1.000127e+02,1.000140e+02,1.000154e+02,1.000168e+02,1.000182e+02,1.000196e+02,1.000211e+02,1.000225e+02,1.000239e+02,1.000254e+02,1.000268e+02,1.000282e+02,1.000296e+02,1.000310e+02,1.000323e+02,1.000336e+02,1.000349e+02,1.000362e+02,1.000374e+02,1.000386e+02,1.000398e+02,1.000409e+02,1.000420e+02,1.000430e+02,1.000440e+02,1.000449e+02,1.000459e+02,1.000467e+02,1.000476e+02,1.000483e+02,1.000491e+02,1.000498e+02,1.000505e+02,1.000511e+02,1.000517e+02,1.000523e+02,1.000528e+02,1.000533e+02,1.000537e+02,1.000542e+02,1.000546e+02,1.000549e+02,1.000553e+02,1.000556e+02,1.000559e+02,1.000562e+02,1.000564e+02,1.000567e+02,1.000569e+02,1.000571e+02,1.000572e+02,1.000574e+02,1.000576e+02,1.000577e+02,1.000578e+02,1.000579e+02,1.000580e+02,1.000581e+02,1.000582e+02,1.000583e+02,1.000584e+02,1.000584e+02,1.000585e+02,1.000585e+02,1.000586e+02,1.000586e+02,1.000587e+02,1.000587e+02,1.000587e+02,1.000588e+02,1.000588e+02,1.000588e+02,1.000588e+02,1.000588e+02,1.000589e+02,1.000589e+02,1.000589e+02,1.000589e+02,1.000589e+02,1.000589e+02,1.000589e+02,1.000589e+02,1.000589e+02,1.000589e+02,1.000589e+02,1.000589e+02,1.000589e+02,1.000589e+02,1.000589e+02,1.000589e+02,1.000590e+02,1.000590e+02,1.000590e+02,1.000590e+02,1.000590e+02,1.000590e+02,1.000590e+02,1.000590e+02,1.000590e+02,1.000590e+02,1.000590e+02,1.000590e+02,1.000590e+02,1.000590e+02,1.000590e+02,1.000590e+02,1.000590e+02,1.000590e+02,1.000590e+02,1.000590e+02,1.000590e+02,1.000590e+02,1.000590e+02,1.000590e+02,1.000590e+02,1.000590e+02,1.000590e+02,1.000590e+02,1.000590e+02,1.000590e+02,1.000590e+02,1.000590e+02,1.000590e+02,1.000590e+02,1.000590e+02,1.000590e+02,1.000590e+02,1.000590e+02,1.000590e+02,1.000590e+02,1.000590e+02,1.000590e+02,1.000590e+02,1.000590e+02,1.000590e+02,1.000590e+02,1.000590e+02,1.000590e+02,1.000590e+02,1.000590e+02,1.000589e+02,1.000589e+02,1.000589e+02,1.000589e+02,1.000589e+02,1.000589e+02,1.000589e+02,1.000589e+02,1.000588e+02,1.000588e+02,1.000587e+02,1.000587e+02,1.000586e+02,1.000585e+02,1.000584e+02,1.000583e+02,1.000581e+02,1.000579e+02,1.000577e+02,1.000575e+02,1.000572e+02,1.000569e+02,1.000565e+02,1.000560e+02,1.000555e+02,1.000549e+02,1.000542e+02,1.000535e+02,1.000526e+02,1.000517e+02,1.000506e+02,1.000494e+02,1.000481e+02,1.000466e+02,1.000449e+02,1.000431e+02,1.000412e+02,1.000390e+02,1.000367e+02,1.000341e+02,1.000313e+02,1.000283e+02,1.000250e+02,1.000216e+02,1.000178e+02,1.000138e+02,1.000095e+02,1.000049e+02,1.000000e+02,
0.92,1.000006e+02,1.000013e+02,1.000020e+02,1.000028e+02,1.000036e+02,1.000045e+02,1.000054e+02,1.000064e+02,1.000074e+02,1.000084e+02,1.000095e+02,1.000106e+02,1.000117e+02,1.000129e+02,1.000140e+02,1.000152e+02,1.000164e+02,1.000176e+02,1.000188e+02,1.000200e+02,1.000212e+02,1.000225e+02,1.000236e+02,1.000248e+02,1.000260e+02,1.000271e+02,1.000283e+02,1.000294e+02,1.000304e+02,1.000315e+02,1.000325e+02,1.000335e+02,1.000344e+02,1.000354e+02,1.000362e+02,1.000371e+02,1.000379e+02,1.000387e+02,1.000394e+02,1.000402e+02,1.000408e+02,1.000415e+02,1.000421e+02,1.000427e+02,1.000432e+02,1.000437e+02,1.000442e+02,1.000447e+02,1.000451e+02,1.000455e+02,1.000459e+02,1.000462e+02,1.000465e+02,1.000468e+02,1.000471e+02,1.000474e+02,1.000476e+02,1.000478e+02,1.000480e+02,1.000482e+02,1.000484e+02,1.000485e+02,1.000487e+02,1.000488e+02,1.000489e+02,1.000491e+02,1.000492e+02,1.000492e+02,1.000493e+02,1.000494e+02,1.000495e+02,1.000495e+02,1.000496e+02,1.000496e+02,1.000497e+02,1.000497e+02,1.000498e+02,1.000498e+02,1.000498e+02,1.000499e+02,1.000499e+02,1.000499e+02,1.000499e+02,1.000499e+02,1.000500e+02,1.000500e+02,1.000500e+02,1.000500e+02,1.000500e+02,1.000500e+02,1.000500e+02,1.000500e+02,1.000500e+02,1.000500e+02,1.000500e+02,1.000500e+02,1.000500e+02,1.000500e+02,1.000500e+02,1.000500e+02,1.000501e+02,1.000501e+02,1.000501e+02,1.000501e+02,1.000501e+02,1.000501e+02,1.000501e+02,1.000501e+02,1.000501e+02,1.000501e+02,1.000501e+02,1.000501e+02,1.000501e+02,1.000501e+02,1.000501e+02,1.000501e+02,1.000501e+02,1.000501e+02,1.000501e+02,1.000501e+02,1.000501e+02,1.000501e+02,1.000501e+02,1.000501e+02,1.000501e+02,1.000501e+02,1.000501e+02,1.000501e+02,1.000501e+02,1.000501e+02,1.000501e+02,1.000501e+02,1.000501e+02,1.000501e+02,1.000501e+02,1.000501e+02,1.000501e+02,1.000501e+02,1.000501e+02,1.000501e+02,1.000501e+02,1.000501e+02,1.000501e+02,1.000501e+02,1.000501e+02,1.000501e+02,1.000501e+02,1.000501e+02,1.000501e+02,1.000501e+02,1.000501e+02,1.000501e+02,1.000500e+02,1.000500e+02,1.000500e+02,1.000500e+02,1.000500e+02,1.000500e+02,1.000500e+02,1.000499e+02,1.000499e+02,1.000499e+02,1.000498e+02,1.000498e+02,1.000497e+02,1.000496e+02,1.000495e+02,1.000494e+02,1.000492e+02,1.000490e+02,1.000488e+02,1.000486e+02,1.000483e+02,1.000480e+02,1.000476e+02,1.000472e+02,1.000467e+02,1.000461e+02,1.000455e+02,1.000448e+02,1.000440e+02,1.000430e+02,1.000420e+02,1.000409e+02,1.000397e+02,1.000383e+02,1.000368e+02,1.000351e+02,1.000333e+02,1.000313e+02,1.000291e+02,1.000267e+02,1.000242e+02,1.000214e+02,1.000184e+02,1.000152e+02,1.000118e+02,1.000081e+02,1.000042e+02,1.000000e+02,
0.925,1.000005e+02,1.000011e+02,1.000017e+02,1.000023e+02,1.000030e+02,1.000037e+02,1.000045e+02,1.000053e+02,1.000061e+02,1.000070e+02,1.000079e+02,1.000088e+02,1.000098e+02,1.000107e+02,1.000117e+02,1.000127e+02,1.000137e+02,1.000147e+02,1.000157e+02,1.000168e+02,1.000178e+02,1.000188e+02,1.000198e+02,1.000208e+02,1.000218e+02,1.000228e+02,1.000237e+02,1.000246e+02,1.000256e+02,1.000264e+02,1.000273e+02,1.000282e+02,1.000290e+02,1.000298e+02,1.000305e+02,1.000312e+02,1.000319e+02,1.000326e+02,1.000333e+02,1.000339e+02,1.000345e+02,1.000350e+02,1.000355e+02,1.000360e+02,1.000365e+02,1.000369e+02,1.000374e+02,1.000378e+02,1.000381e+02,1.000385e+02,1.000388e+02,1.000391e+02,1.000394e+02,1.000396e+02,1.000399e+02,1.000401e+02,1.000403e+02,1.000405e+02,1.000407e+02,1.000408e+02,1.000410e+02,1.000411e+02,1.000413e+02,1.000414e+02,1.000415e+02,1.000416e+02,1.000417e+02,1.000417e+02,1.000418e+02,1.000419e+02,1.000419e+02,1.000420e+02,1.000420e+02,1.000421e+02,1.000421e+02,1.000422e+02,1.000422e+02,1.000422e+02,1.000423e+02,1.000423e+02,1.000423e+02,1.000423e+02,1.000423e+02,1.000423e+02,1.000424e+02,1.000424e+02,1.000424e+02,1.000424e+02,1.000424e+02,1.000424e+02,1.000424e+02,1.000424e+02,1.000424e+02,1.000424e+02,1.000424e+02,1.000424e+02,1.000424e+02,1.000424e+02,1.000424e+02,1.000424e+02,1.000425e+02,1.000425e+02,1.000425e+02,1.000425e+02,1.000425e+02,1.000425e+02,1.000425e+02,1.000425e+02,1.000425e+02,1.000425e+02,1.000425e+02,1.000425e+02,1.000425e+02,1.000425e+02,1.000425e+02,1.000425e+02,1.000425e+02,1.000425e+02,1.000425e+02,1.000425e+02,1.000425e+02,1.000425e+02,1.000425e+02,1.000425e+02,1.000425e+02,1.000425e+02,1.000425e+02,1.000425e+02,1.000425e+02,1.000425e+02,1.000425e+02,1.000425e+02,1.000425e+02,1.000425e+02,1.000425e+02,1.000425e+02,1.000425e+02,1.000425e+02,1.000425e+02,1.000425e+02,1.000425e+02,1.000425e+02,1.000425e+02,1.000425e+02,1.000425e+02,1.000425e+02,1.000425e+02,1.000425e+02,1.000425e+02,1.000425e+02,1.000425e+02,1.000425e+02,1.000424e+02,1.000424e+02,1.000424e+02,1.000424e+02,1.000424e+02,1.000424e+02,1.000424e+02,1.000424e+02,1.000423e+02,1.000423e+02,1.000423e+02,1.000422e+02,1.000421e+02,1.000421e+02,1.000420e+02,1.000419e+02,1.000418e+02,1.000416e+02,1.000414e+02,1.000412e+02,1.000410e+02,1.000407e+02,1.000404e+02,1.000401e+02,1.000396e+02,1.000392e+02,1.000386e+02,1.000380e+02,1.000374e+02,1.000366e+02,1.000357e+02,1.000348e+02,1.000337e+02,1.000326e+02,1.000313e+02,1.000299e+02,1.000283e+02,1.000266e+02,1.000248e+02,1.000228e+02,1.000206e+02,1.000183e+02,1.000157e+02,1.000130e+02,1.000101e+02,1.000069e+02,1.000036e+02,1.000000e+02,
0.93,1.000004e+02,1.000009e+02,1.000014e+02,1.000019e+02,1.000025e+02,1.000031e+02,1.000037e+02,1.000044e+02,1.000051e+02,1.000058e+02,1.000065e+02,1.000073e+02,1.000081e+02,1.000089e+02,1.000097e+02,1.000106e+02,1.000114e+02,1.000123e+02,1.000131e+02,1.000140e+02,1.000149e+02,1.000157e+02,1.000166e+02,1.000174e+02,1.000182e+02,1.000191e+02,1.000199e+02,1.000207e+02,1.000214e+02,1.000222e+02,1.000229e+02,1.000236e+02,1.000243e+02,1.000250e+02,1.000257e+02,1.000263e+02,1.000269e+02,1.000275e+02,1.000280e+02,1.000285e+02,1.000290e+02,1.000295e+02,1.000300e+02,1.000304e+02,1.000308e+02,1.000312e+02,1.000315e+02,1.000319e+02,1.000322e+02,1.000325e+02,1.000328e+02,1.000330e+02,1.000333e+02,1.000335e+02,1.000337e+02,1.000339e+02,1.000341e+02,1.000343e+02,1.000344e+02,1.000345e+02,1.000347e+02,1.000348e+02,1.000349e+02,1.000350e+02,1.000351e+02,1.000352e+02,1.000353e+02,1.000353e+02,1.000354e+02,1.000355e+02,1.000355e+02,1.000356e+02,1.000356e+02,1.000356e+02,1.000357e+02,1.000357e+02,1.000357e+02,1.000358e+02,1.000358e+02,1.000358e+02,1.000358e+02,1.000358e+02,1.000359e+02,1.000359e+02,1.000359e+02,1.000359e+02,1.000359e+02,1.000359e+02,1.000359e+02,1.000359e+02,1.000359e+02,1.000359e+02,1.000359e+02,1.000359e+02,1.000360e+02,1.000360e+02,1.000360e+02,1.000360e+02,1.000360e+02,1.000360e+02,1.000360e+02,1.000360e+02,1.000360e+02,1.000360e+02,1.000360e+02,1.000360e+02,1.000360e+02,1.000360e+02,1.000360e+02,1.000360e+02,1.000360e+02,1.000360e+02,1.000360e+02,1.000360e+02,1.000360e+02,1.000360e+02,1.000360e+02,1.000360e+02,1.000360e+02,1.000360e+02,1.000360e+02,1.000360e+02,1.000360e+02,1.000360e+02,1.000360e+02,1.000360e+02,1.000360e+02,1.000360e+02,1.000360e+02,1.000360e+02,1.000360e+02,1.000360e+02,1.000360e+02,1.000360e+02,1.000360e+02,1.000360e+02,1.000360e+02,1.000360e+02,1.000360e+02,1.000360e+02,1.000360e+02,1.000360e+02,1.000360e+02,1.000360e+02,1.000360e+02,1.000360e+02,1.000360e+02,1.000360e+02,1.000360e+02,1.000360e+02,1.000360e+02,1.000360e+02,1.000360e+02,1.000360e+02,1.000360e+02,1.000359e+02,1.000359e+02,1.000359e+02,1.000359e+02,1.000359e+02,1.000359e+02,1.000358e+02,1.000358e+02,1.000358e+02,1.000357e+02,1.000357e+02,1.000356e+02,1.000355e+02,1.000354e+02,1.000353e+02,1.000351e+02,1.000350e+02,1.000348e+02,1.000345e+02,1.000343e+02,1.000340e+02,1.000336e+02,1.000332e+02,1.000328e+02,1.000323e+02,1.000317e+02,1.000311e+02,1.000304e+02,1.000296e+02,1.000287e+02,1.000277e+02,1.000266e+02,1.000254e+02,1.000241e+02,1.000227e+02,1.000211e+02,1.000194e+02,1.000176e+02,1.000156e+02,1.000134e+02,1.000111e+02,1.000086e+02,1.000059e+02,1.000031e+02,1.000000e+02,
0.935,1.000003e+02,1.000007e+02,1.000011e+02,1.000016e+02,1.000021e+02,1.000026e+02,1.000031e+02,1.000036e+02,1.000042e+02,1.000048e+02,1.000054e+02,1.000061e+02,1.000067e+02,1.000074e+02,1.000081e+02,1.000088e+02,1.000095e+02,1.000102e+02,1.000109e+02,1.000117e+02,1.000124e+02,1.000131e+02,1.000138e+02,1.000145e+02,1.000153e+02,1.000159e+02,1.000166e+02,1.000173e+02,1.000180e+02,1.000186e+02,1.000192e+02,1.000198e+02,1.000204e+02,1.000210e+02,1.000216e+02,1.000221e+02,1.000226e+02,1.000231e+02,1.000236e+02,1.000240e+02,1.000244e+02,1.000248e+02,1.000252e+02,1.000256e+02,1.000259e+02,1.000263e+02,1.000266e+02,1.000269e+02,1.000272e+02,1.000274e+02,1.000276e+02,1.000279e+02,1.000281e+02,1.000283e+02,1.000285e+02,1.000286e+02,1.000288e+02,1.000289e+02,1.000291e+02,1.000292e+02,1.000293e+02,1.000294e+02,1.000295e+02,1.000296e+02,1.000297e+02,1.000298e+02,1.000298e+02,1.000299e+02,1.000299e+02,1.000300e+02,1.000300e+02,1.000301e+02,1.000301e+02,1.000301e+02,1.000302e+02,1.000302e+02,1.000302e+02,1.000303e+02,1.000303e+02,1.000303e+02,1.000303e+02,1.000303e+02,1.000303e+02,1.000304e+02,1.000304e+02,1.000304e+02,1.000304e+02,1.000304e+02,1.000304e+02,1.000304e+02,1.000304e+02,1.000304e+02,1.000304e+02,1.000304e+02,1.000304e+02,1.000304e+02,1.000304e+02,1.000304e+02,1.000304e+02,1.000304e+02,1.000304e+02,1.000304e+02,1.000304e+02,1.000304e+02,1.000304e+02,1.000304e+02,1.000304e+02,1.000304e+02,1.000304e+02,1.000304e+02,1.000304e+02,1.000304e+02,1.000304e+02,1.000304e+02,1.000304e+02,1.000304e+02,1.000304e+02,1.000304e+02,1.000304e+02,1.000304e+02,1.000304e+02,1.000304e+02,1.000304e+02,1.000304e+02,1.000304e+02,1.000304e+02,1.000304e+02,1.000304e+02,1.000304e+02,1.000304e+02,1.000304e+02,1.000304e+02,1.000304e+02,1.000304e+02,1.000304e+02,1.000304e+02,1.000304e+02,1.000304e+02,1.000304e+02,1.000304e+02,1.000304e+02,1.000304e+02,1.000304e+02,1.000304e+02,1.000304e+02,1.000304e+02,1.000304e+02,1.000304e+02,1.000304e+02,1.000304e+02,1.000304e+02,1.000304e+02,1.000304e+02,1.000304e+02,1.000304e+02,1.000304e+02,1.000304e+02,1.000304e+02,1.000304e+02,1.000304e+02,1.000304e+02,1.000303e+02,1.000303e+02,1.000303e+02,1.000302e+02,1.000302e+02,1.000301e+02,1.000300e+02,1.000300e+02,1.000299e+02,1.000297e+02,1.000296e+02,1.000294e+02,1.000292e+02,1.000290e+02,1.000288e+02,1.000285e+02,1.000282e+02,1.000278e+02,1.000274e+02,1.000269e+02,1.000263e+02,1.000257e+02,1.000251e+02,1.000243e+02,1.000235e+02,1.000226e+02,1.000216e+02,1.000205e+02,1.000193e+02,1.000179e+02,1.000165e+02,1.000149e+02,1.000133e+02,1.000114e+02,1.000094e+02,1.000073e+02,1.000050e+02,1.000026e+02,1.000000e+02,
0.94,1.000003e+02,1.000006e+02,1.000009e+02,1.000013e+02,1.000017e+02,1.000021e+02,1.000025e+02,1.000030e+02,1.000035e+02,1.000040e+02,1.000045e+02,1.000050e+02,1.000056e+02,1.000062e+02,1.000067e+02,1.000073e+02,1.000079e+02,1.000085e+02,1.000091e+02,1.000097e+02,1.000103e+02,1.000109e+02,1.000115e+02,1.000121e+02,1.000127e+02,1.000133e+02,1.000139e+02,1.000145e+02,1.000150e+02,1.000156e+02,1.000161e+02,1.000166e+02,1.000171e+02,1.000176e+02,1.000181e+02,1.000185e+02,1.000190e+02,1.000194e+02,1.000198e+02,1.000202e+02,1.000205e+02,1.000209e+02,1.000212e+02,1.000215e+02,1.000218e+02,1.000221e+02,1.000224e+02,1.000226e+02,1.000229e+02,1.000231e+02,1.000233e+02,1.000235e+02,1.000237e+02,1.000238e+02,1.000240e+02,1.000241e+02,1.000243e+02,1.000244e+02,1.000245e+02,1.000246e+02,1.000247e+02,1.000248e+02,1.000249e+02,1.000250e+02,1.000251e+02,1.000251e+02,1.000252e+02,1.000252e+02,1.000253e+02,1.000253e+02,1.000254e+02,1.000254e+02,1.000254e+02,1.000255e+02,1.000255e+02,1.000255e+02,1.000255e+02,1.000256e+02,1.000256e+02,1.000256e+02,1.000256e+02,1.000256e+02,1.000256e+02,1.000256e+02,1.000257e+02,1.000257e+02,1.000257e+02,1.000257e+02,1.000257e+02,1.000257e+02,1.000257e+02,1.000257e+02,1.000257e+02,1.000257e+02,1.000257e+02,1.000257e+02,1.000257e+02,1.000257e+02,1.000257e+02,1.000257e+02,1.000257e+02,1.000257e+02,1.000257e+02,1.000257e+02,1.000257e+02,1.000257e+02,1.000257e+02,1.000257e+02,1.000257e+02,1.000257e+02,1.000257e+02,1.000257e+02,1.000257e+02,1.000257e+02,1.000257e+02,1.000257e+02,1.000257e+02,1.000257e+02,1.000257e+02,1.000257e+02,1.000257e+02,1.000257e+02,1.000257e+02,1.000257e+02,1.000257e+02,1.000257e+02,1.000257e+02,1.000257e+02,1.000257e+02,1.000257e+02,1.000257e+02,1.000257e+02,1.000257e+02,1.000257e+02,1.000257e+02,1.000257e+02,1.000257e+02,1.000257e+02,1.000257e+02,1.000257e+02,1.000257e+02,1.000257e+02,1.000257e+02,1.000257e+02,1.000257e+02,1.000257e+02,1.000257e+02,1.000257e+02,1.000257e+02,1.000257e+02,1.000257e+02,1.000257e+02,1.000257e+02,1.000257e+02,1.000257e+02,1.000257e+02,1.000257e+02,1.000257e+02,1.000257e+02,1.000257e+02,1.000257e+02,1.000256e+02,1.000256e+02,1.000256e+02,1.000255e+02,1.000255e+02,1.000255e+02,1.000254e+02,1.000253e+02,1.000252e+02,1.000251e+02,1.000250e+02,1.000249e+02,1.000247e+02,1.000245e+02,1.000243e+02,1.000241e+02,1.000238e+02,1.000235e+02,1.000232e+02,1.000228e+02,1.000223e+02,1.000218e+02,1.000212e+02,1.000206e+02,1.000199e+02,1.000192e+02,1.000183e+02,1.000174e+02,1.000164e+02,1.000152e+02,1.000140e+02,1.000127e+02,1.000113e+02,1.000097e+02,1.000080e+02,1.000062e+02,1.000043e+02,1.000022e+02,1.000000e+02,
0.945,1.000002e+02,1.000005e+02,1.000008e+02,1.000011e+02,1.000014e+02,1.000017e+02,1.000021e+02,1.000025e+02,1.000029e+02,1.000033e+02,1.000037e+02,1.000042e+02,1.000046e+02,1.000051e+02,1.000056e+02,1.000061e+02,1.000066e+02,1.000071e+02,1.000076e+02,1.000081e+02,1.000086e+02,1.000091e+02,1.000096e+02,1.000101e+02,1.000106e+02,1.000111e+02,1.000116e+02,1.000121e+02,1.000125e+02,1.000130e+02,1.000135e+02,1.000139e+02,1.000143e+02,1.000147e+02,1.000151e+02,1.000155e+02,1.000159e+02,1.000162e+02,1.000166e+02,1.000169e+02,1.000172e+02,1.000175e+02,1.000178e+02,1.000181e+02,1.000183e+02,1.000186e+02,1.000188e+02,1.000190e+02,1.000192e+02,1.000194e+02,1.000196e+02,1.000198e+02,1.000199e+02,1.000201e+02,1.000202e+02,1.000203e+02,1.000204e+02,1.000206e+02,1.000207e+02,1.000207e+02,1.000208e+02,1.000209e+02,1.000210e+02,1.000210e+02,1.000211e+02,1.000212e+02,1.000212e+02,1.000213e+02,1.000213e+02,1.000213e+02,1.000214e+02,1.000214e+02,1.000214e+02,1.000215e+02,1.000215e+02,1.000215e+02,1.000215e+02,1.000216e+02,1.000216e+02,1.000216e+02,1.000216e+02,1.000216e+02,1.000216e+02,1.000216e+02,1.000216e+02,1.000216e+02,1.000216e+02,1.000217e+02,1.000217e+02,1.000217e+02,1.000217e+02,1.000217e+02,1.000217e+02,1.000217e+02,1.000217e+02,1.000217e+02,1.000217e+02,1.000217e+02,1.000217e+02,1.000217e+02,1.000217e+02,1.000217e+02,1.000217e+02,1.000217e+02,1.000217e+02,1.000217e+02,1.000217e+02,1.000217e+02,1.000217e+02,1.000217e+02,1.000217e+02,1.000217e+02,1.000217e+02,1.000217e+02,1.000217e+02,1.000217e+02,1.000217e+02,1.000217e+02,1.000217e+02,1.000217e+02,1.000217e+02,1.000217e+02,1.000217e+02,1.000217e+02,1.000217e+02,1.000217e+02,1.000217e+02,1.000217e+02,1.000217e+02,1.000217e+02,1.000217e+02,1.000217e+02,1.000217e+02,1.000217e+02,1.000217e+02,1.000217e+02,1.000217e+02,1.000217e+02,1.000217e+02,1.000217e+02,1.000217e+02,1.000217e+02,1.000217e+02,1.000217e+02,1.000217e+02,1.000217e+02,1.000217e+02,1.000217e+02,1.000217e+02,1.000217e+02,1.000217e+02,1.000217e+02,1.000217e+02,1.000217e+02,1.000217e+02,1.000217e+02,1.000217e+02,1.000217e+02,1.000217e+02,1.000217e+02,1.000216e+02,1.000216e+02,1.000216e+02,1.000216e+02,1.000216e+02,1.000215e+02,1.000215e+02,1.000214e+02,1.000214e+02,1.000213e+02,1.000212e+02,1.000211e+02,1.000210e+02,1.000209e+02,1.000207e+02,1.000206e+02,1.000204e+02,1.000201e+02,1.000199e+02,1.000196e+02,1.000192e+02,1.000189e+02,1.000184e+02,1.000180e+02,1.000174e+02,1.000169e+02,1.000162e+02,1.000155e+02,1.000147e+02,1.000139e+02,1.000129e+02,1.000119e+02,1.000108e+02,1.000096e+02,1.000082e+02,1.000068e+02,1.000053e+02,1.000037e+02,1.000019e+02,1.000000e+02,
0.95,1.000002e+02,1.000004e+02,1.000006e+02,1.000009e+02,1.000011e+02,1.000014e+02,1.000017e+02,1.000020e+02,1.000024e+02,1.000027e+02,1.000031e+02,1.000034e+02,1.000038e+02,1.000042e+02,1.000046e+02,1.000050e+02,1.000054e+02,1.000059e+02,1.000063e+02,1.000067e+02,1.000071e+02,1.000076e+02,1.000080e+02,1.000084e+02,1.000088e+02,1.000092e+02,1.000097e+02,1.000101e+02,1.000105e+02,1.000108e+02,1.000112e+02,1.000116e+02,1.000120e+02,1.000123e+02,1.000126e+02,1.000130e+02,1.000133e+02,1.000136e+02,1.000139e+02,1.000142e+02,1.000144e+02,1.000147e+02,1.000149e+02,1.000151e+02,1.000154e+02,1.000156e+02,1.000158e+02,1.000160e+02,1.000161e+02,1.000163e+02,1.000164e+02,1.000166e+02,1.000167e+02,1.000168e+02,1.000170e+02,1.000171e+02,1.000172e+02,1.000173e+02,1.000174e+02,1.000174e+02,1.000175e+02,1.000176e+02,1.000176e+02,1.000177e+02,1.000177e+02,1.000178e+02,1.000178e+02,1.000179e+02,1.000179e+02,1.000180e+02,1.000180e+02,1.000180e+02,1.000180e+02,1.000181e+02,1.000181e+02,1.000181e+02,1.000181e+02,1.000181e+02,1.000181e+02,1.000182e+02,1.000182e+02,1.000182e+02,1.000182e+02,1.000182e+02,1.000182e+02,1.000182e+02,1.000182e+02,1.000182e+02,1.000182e+02,1.000182e+02,1.000182e+02,1.000182e+02,1.000182e+02,1.000182e+02,1.000182e+02,1.000182e+02,1.000182e+02,1.000183e+02,1.000183e+02,1.000183e+02,1.000183e+02,1.000183e+02,1.000183e+02,1.000183e+02,1.000183e+02,1.000183e+02,1.000183e+02,1.000183e+02,1.000183e+02,1.000183e+02,1.000183e+02,1.000183e+02,1.000183e+02,1.000183e+02,1.000183e+02,1.000183e+02,1.000183e+02,1.000183e+02,1.000183e+02,1.000183e+02,1.000183e+02,1.000183e+02,1.000183e+02,1.000183e+02,1.000183e+02,1.000183e+02,1.000183e+02,1.000183e+02,1.000183e+02,1.000183e+02,1.000183e+02,1.000183e+02,1.000183e+02,1.000183e+02,1.000183e+02,1.000183e+02,1.000183e+02,1.000183e+02,1.000183e+02,1.000183e+02,1.000183e+02,1.000183e+02,1.000183e+02,1.000183e+02,1.000183e+02,1.000183e+02,1.000183e+02,1.000183e+02,1.000183e+02,1.000183e+02,1.000183e+02,1.000183e+02,1.000183e+02,1.000183e+02,1.000183e+02,1.000182e+02,1.000182e+02,1.000182e+02,1.000182e+02,1.000182e+02,1.000182e+02,1.000182e+02,1.000182e+02,1.000182e+02,1.000181e+02,1.000181e+02,1.000181e+02,1.000180e+02,1.000180e+02,1.000179e+02,1.000179e+02,1.000178e+02,1.000177e+02,1.000176e+02,1.000175e+02,1.000173e+02,1.000171e+02,1.000170e+02,1.000167e+02,1.000165e+02,1.000162e+02,1.000159e+02,1.000155e+02,1.000152e+02,1.000147e+02,1.000142e+02,1.000137e+02,1.000131e+02,1.000124e+02,1.000117e+02,1.000109e+02,1.000100e+02,1.000091e+02,1.000081e+02,1.000070e+02,1.000058e+02,1.000045e+02,1.000031e+02,1.000016e+02,1.000000e+02,
0.955,1.000002e+02,1.000003e+02,1.000005e+02,1.000007e+02,1.000009e+02,1.000012e+02,1.000014e+02,1.000017e+02,1.000020e+02,1.000022e+02,1.000025e+02,1.000028e+02,1.000032e+02,1.000035e+02,1.000038e+02,1.000041e+02,1.000045e+02,1.000048e+02,1.000052e+02,1.000055e+02,1.000059e+02,1.000063e+02,1.000066e+02,1.000070e+02,1.000073e+02,1.000077e+02,1.000080e+02,1.000084e+02,1.000087e+02,1.000090e+02,1.000093e+02,1.000096e+02,1.000100e+02,1.000102e+02,1.000105e+02,1.000108e+02,1.000111e+02,1.000113e+02,1.000116e+02,1.000118e+02,1.000120e+02,1.000122e+02,1.000125e+02,1.000127e+02,1.000128e+02,1.000130e+02,1.000132e+02,1.000133e+02,1.000135e+02,1.000136e+02,1.000138e+02,1.000139e+02,1.000140e+02,1.000141e+02,1.000142e+02,1.000143e+02,1.000144e+02,1.000145e+02,1.000145e+02,1.000146e+02,1.000147e+02,1.000147e+02,1.000148e+02,1.000148e+02,1.000149e+02,1.000149e+02,1.000150e+02,1.000150e+02,1.000150e+02,1.000151e+02,1.000151e+02,1.000151e+02,1.000151e+02,1.000151e+02,1.000152e+02,1.000152e+02,1.000152e+02,1.000152e+02,1.000152e+02,1.000152e+02,1.000152e+02,1.000152e+02,1.000153e+02,1.000153e+02,1.000153e+02,1.000153e+02,1.000153e+02,1.000153e+02,1.000153e+02,1.000153e+02,1.000153e+02,1.000153e+02,1.000153e+02,1.000153e+02,1.000153e+02,1.000153e+02,1.000153e+02,1.000153e+02,1.000153e+02,1.000153e+02,1.000153e+02,1.000153e+02,1.000153e+02,1.000153e+02,1.000153e+02,1.000153e+02,1.000153e+02,1.000153e+02,1.000153e+02,1.000153e+02,1.000153e+02,1.000153e+02,1.000153e+02,1.000153e+02,1.000153e+02,1.000153e+02,1.000153e+02,1.000153e+02,1.000153e+02,1.000153e+02,1.000153e+02,1.000153e+02,1.000153e+02,1.000153e+02,1.000153e+02,1.000153e+02,1.000153e+02,1.000153e+02,1.000153e+02,1.000153e+02,1.000153e+02,1.000153e+02,1.000153e+02,1.000153e+02,1.000153e+02,1.000153e+02,1.000153e+02,1.000153e+02,1.000153e+02,1.000153e+02,1.000153e+02,1.000153e+02,1.000153e+02,1.000153e+02,1.000153e+02,1.000153e+02,1.000153e+02,1.000153e+02,1.000153e+02,1.000153e+02,1.000153e+02,1.000153e+02,1.000153e+02,1.000153e+02,1.000153e+02,1.000153e+02,1.000153e+02,1.000153e+02,1.000153e+02,1.000153e+02,1.000153e+02,1.000153e+02,1.000153e+02,1.000152e+02,1.000152e+02,1.000152e+02,1.000152e+02,1.000151e+02,1.000151e+02,1.000151e+02,1.000150e+02,1.000149e+02,1.000149e+02,1.000148e+02,1.000147e+02,1.000145e+02,1.000144e+02,1.000142e+02,1.000141e+02,1.000139e+02,1.000136e+02,1.000134e+02,1.000131e+02,1.000127e+02,1.000124e+02,1.000120e+02,1.000115e+02,1.000110e+02,1.000105e+02,1.000099e+02,1.000092e+02,1.000085e+02,1.000077e+02,1.000068e+02,1.000059e+02,1.000049e+02,1.000038e+02,1.000026e+02,1.000014e+02,1.000000e+02,
0.96,1.000001e+02,1.000003e+02,1.000004e+02,1.000006e+02,1.000008e+02,1.000010e+02,1.000012e+02,1.000014e+02,1.000016e+02,1.000018e+02,1.000021e+02,1.000023e+02,1.000026e+02,1.000029e+02,1.000031e+02,1.000034e+02,1.000037e+02,1.000040e+02,1.000043e+02,1.000046e+02,1.000049e+02,1.000052e+02,1.000055e+02,1.000058e+02,1.000061e+02,1.000063e+02,1.000066e+02,1.000069e+02,1.000072e+02,1.000075e+02,1.000077e+02,1.000080e+02,1.000082e+02,1.000085e+02,1.000087e+02,1.000090e+02,1.000092e+02,1.000094e+02,1.000096e+02,1.000098e+02,1.000100e+02,1.000102e+02,1.000104e+02,1.000105e+02,1.000107e+02,1.000108e+02,1.000110e+02,1.000111e+02,1.000112e+02,1.000113e+02,1.000115e+02,1.000116e+02,1.000117e+02,1.000117e+02,1.000118e+02,1.000119e+02,1.000120e+02,1.000121e+02,1.000121e+02,1.000122e+02,1.000122e+02,1.000123e+02,1.000123e+02,1.000124e+02,1.000124e+02,1.000124e+02,1.000125e+02,1.000125e+02,1.000125e+02,1.000126e+02,1.000126e+02,1.000126e+02,1.000126e+02,1.000126e+02,1.000127e+02,1.000127e+02,1.000127e+02,1.000127e+02,1.000127e+02,1.000127e+02,1.000127e+02,1.000127e+02,1.000127e+02,1.000127e+02,1.000128e+02,1.000128e+02,1.000128e+02,1.000128e+02,1.000128e+02,1.000128e+02,1.000128e+02,1.000128e+02,1.000128e+02,1.000128e+02,1.000128e+02,1.000128e+02,1.000128e+02,1.000128e+02,1.000128e+02,1.000128e+02,1.000128e+02,1.000128e+02,1.000128e+02,1.000128e+02,1.000128e+02,1.000128e+02,1.000128e+02,1.000128e+02,1.000128e+02,1.000128e+02,1.000128e+02,1.000128e+02,1.000128e+02,1.000128e+02,1.000128e+02,1.000128e+02,1.000128e+02,1.000128e+02,1.000128e+02,1.000128e+02,1.000128e+02,1.000128e+02,1.000128e+02,1.000128e+02,1.000128e+02,1.000128e+02,1.000128e+02,1.000128e+02,1.000128e+02,1.000128e+02,1.000128e+02,1.000128e+02,1.000128e+02,1.000128e+02,1.000128e+02,1.000128e+02,1.000128e+02,1.000128e+02,1.000128e+02,1.000128e+02,1.000128e+02,1.000128e+02,1.000128e+02,1.000128e+02,1.000128e+02,1.000128e+02,1.000128e+02,1.000128e+02,1.000128e+02,1.000128e+02,1.000128e+02,1.000128e+02,1.000128e+02,1.000128e+02,1.000128e+02,1.000128e+02,1.000128e+02,1.000128e+02,1.000128e+02,1.000128e+02,1.000128e+02,1.000128e+02,1.000127e+02,1.000127e+02,1.000127e+02,1.000127e+02,1.000127e+02,1.000126e+02,1.000126e+02,1.000126e+02,1.000125e+02,1.000125e+02,1.000124e+02,1.000123e+02,1.000123e+02,1.000122e+02,1.000120e+02,1.000119e+02,1.000118e+02,1.000116e+02,1.000114e+02,1.000112e+02,1.000109e+02,1.000107e+02,1.000104e+02,1.000100e+02,1.000096e+02,1.000092e+02,1.000088e+02,1.000083e+02,1.000077e+02,1.000071e+02,1.000064e+02,1.000057e+02,1.000049e+02,1.000041e+02,1.000032e+02,1.000022e+02,1.000011e+02,1.000000e+02,
0.965,1.000001e+02,1.000002e+02,1.000003e+02,1.000005e+02,1.000006e+02,1.000008e+02,1.000009e+02,1.000011e+02,1.000013e+02,1.000015e+02,1.000017e+02,1.000019e+02,1.000021e+02,1.000023e+02,1.000026e+02,1.000028e+02,1.000030e+02,1.000033e+02,1.000035e+02,1.000037e+02,1.000040e+02,1.000042e+02,1.000045e+02,1.000047e+02,1.000050e+02,1.000052e+02,1.000054e+02,1.000057e+02,1.000059e+02,1.000061e+02,1.000064e+02,1.000066e+02,1.000068e+02,1.000070e+02,1.000072e+02,1.000074e+02,1.000076e+02,1.000078e+02,1.000079e+02,1.000081e+02,1.000083e+02,1.000084e+02,1.000086e+02,1.000087e+02,1.000088e+02,1.000089e+02,1.000091e+02,1.000092e+02,1.000093e+02,1.000094e+02,1.000095e+02,1.000096e+02,1.000096e+02,1.000097e+02,1.000098e+02,1.000099e+02,1.000099e+02,1.000100e+02,1.000100e+02,1.000101e+02,1.000101e+02,1.000102e+02,1.000102e+02,1.000103e+02,1.000103e+02,1.000103e+02,1.000103e+02,1.000104e+02,1.000104e+02,1.000104e+02,1.000104e+02,1.000105e+02,1.000105e+02,1.000105e+02,1.000105e+02,1.000105e+02,1.000105e+02,1.000105e+02,1.000105e+02,1.000105e+02,1.000106e+02,1.000106e+02,1.000106e+02,1.000106e+02,1.000106e+02,1.000106e+02,1.000106e+02,1.000106e+02,1.000106e+02,1.000106e+02,1.000106e+02,1.000106e+02,1.000106e+02,1.000106e+02,1.000106e+02,1.000106e+02,1.000106e+02,1.000106e+02,1.000106e+02,1.000106e+02,1.000106e+02,1.000106e+02,1.000106e+02,1.000106e+02,1.000106e+02,1.000106e+02,1.000106e+02,1.000106e+02,1.000106e+02,1.000106e+02,1.000106e+02,1.000106e+02,1.000106e+02,1.000106e+02,1.000106e+02,1.000106e+02,1.000106e+02,1.000106e+02,1.000106e+02,1.000106e+02,1.000106e+02,1.000106e+02,1.000106e+02,1.000106e+02,1.000106e+02,1.000106e+02,1.000106e+02,1.000106e+02,1.000106e+02,1.000106e+02,1.000106e+02,1.000106e+02,1.000106e+02,1.000106e+02,1.000106e+02,1.000106e+02,1.000106e+02,1.000106e+02,1.000106e+02,1.000106e+02,1.000106e+02,1.000106e+02,1.000106e+02,1.000106e+02,1.000106e+02,1.000106e+02,1.000106e+02,1.000106e+02,1.000106e+02,1.000106e+02,1.000106e+02,1.000106e+02,1.000106e+02,1.000106e+02,1.000106e+02,1.000106e+02,1.000106e+02,1.000106e+02,1.000106e+02,1.000106e+02,1.000106e+02,1.000106e+02,1.000106e+02,1.000106e+02,1.000105e+02,1.000105e+02,1.000105e+02,1.000105e+02,1.000105e+02,1.000104e+02,1.000104e+02,1.000104e+02,1.000103e+02,1.000102e+02,1.000102e+02,1.000101e+02,1.000100e+02,1.000099e+02,1.000098e+02,1.000096e+02,1.000095e+02,1.000093e+02,1.000091e+02,1.000089e+02,1.000086e+02,1.000083e+02,1.000080e+02,1.000077e+02,1.000073e+02,1.000069e+02,1.000064e+02,1.000059e+02,1.000054e+02,1.000048e+02,1.000041e+02,1.000034e+02,1.000027e+02,1.000018e+02,1.000009e+02,1.000000e+02,
0.97,1.000001e+02,1.000002e+02,1.000003e+02,1.000004e+02,1.000005e+02,1.000006e+02,1.000008e+02,1.000009e+02,1.000011e+02,1.000012e+02,1.000014e+02,1.000015e+02,1.000017e+02,1.000019e+02,1.000021e+02,1.000023e+02,1.000025e+02,1.000026e+02,1.000028e+02,1.000030e+02,1.000032e+02,1.000034e+02,1.000036e+02,1.000038e+02,1.000040e+02,1.000042e+02,1.000044e+02,1.000046e+02,1.000048e+02,1.000050e+02,1.000052e+02,1.000054e+02,1.000055e+02,1.000057e+02,1.000059e+02,1.000060e+02,1.000062e+02,1.000063e+02,1.000065e+02,1.000066e+02,1.000067e+02,1.000069e+02,1.000070e+02,1.000071e+02,1.000072e+02,1.000073e+02,1.000074e+02,1.000075e+02,1.000076e+02,1.000077e+02,1.000078e+02,1.000078e+02,1.000079e+02,1.000080e+02,1.000080e+02,1.000081e+02,1.000081e+02,1.000082e+02,1.000082e+02,1.000083e+02,1.000083e+02,1.000083e+02,1.000084e+02,1.000084e+02,1.000084e+02,1.000085e+02,1.000085e+02,1.000085e+02,1.000085e+02,1.000085e+02,1.000086e+02,1.000086e+02,1.000086e+02,1.000086e+02,1.000086e+02,1.000086e+02,1.000086e+02,1.000086e+02,1.000086e+02,1.000087e+02,1.000087e+02,1.000087e+02,1.000087e+02,1.000087e+02,1.000087e+02,1.000087e+02,1.000087e+02,1.000087e+02,1.000087e+02,1.000087e+02,1.000087e+02,1.000087e+02,1.000087e+02,1.000087e+02,1.000087e+02,1.000087e+02,1.000087e+02,1.000087e+02,1.000087e+02,1.000087e+02,1.000087e+02,1.000087e+02,1.000087e+02,1.000087e+02,1.000087e+02,1.000087e+02,1.000087e+02,1.000087e+02,1.000087e+02,1.000087e+02,1.000087e+02,1.000087e+02,1.000087e+02,1.000087e+02,1.000087e+02,1.000087e+02,1.000087e+02,1.000087e+02,1.000087e+02,1.000087e+02,1.000087e+02,1.000087e+02,1.000087e+02,1.000087e+02,1.000087e+02,1.000087e+02,1.000087e+02,1.000087e+02,1.000087e+02,1.000087e+02,1.000087e+02,1.000087e+02,1.000087e+02,1.000087e+02,1.000087e+02,1.000087e+02,1.000087e+02,1.000087e+02,1.000087e+02,1.000087e+02,1.000087e+02,1.000087e+02,1.000087e+02,1.000087e+02,1.000087e+02,1.000087e+02,1.000087e+02,1.000087e+02,1.000087e+02,1.000087e+02,1.000087e+02,1.000087e+02,1.000087e+02,1.000087e+02,1.000087e+02,1.000087e+02,1.000087e+02,1.000087e+02,1.000087e+02,1.000087e+02,1.000087e+02,1.000087e+02,1.000087e+02,1.000087e+02,1.000087e+02,1.000086e+02,1.000086e+02,1.000086e+02,1.000086e+02,1.000086e+02,1.000085e+02,1.000085e+02,1.000085e+02,1.000084e+02,1.000083e+02,1.000083e+02,1.000082e+02,1.000081e+02,1.000080e+02,1.000079e+02,1.000078e+02,1.000076e+02,1.000075e+02,1.000073e+02,1.000071e+02,1.000068e+02,1.000066e+02,1.000063e+02,1.000060e+02,1.000057e+02,1.000053e+02,1.000049e+02,1.000044e+02,1.000039e+02,1.000034e+02,1.000028e+02,1.000022e+02,1.000015e+02,1.000008e+02,1.000000e+02,
0.975,1.000001e+02,1.000001e+02,1.000002e+02,1.000003e+02,1.000004e+02,1.000005e+02,1.000006e+02,1.000007e+02,1.000008e+02,1.000010e+02,1.000011e+02,1.000012e+02,1.000014e+02,1.000015e+02,1.000017e+02,1.000018e+02,1.000020e+02,1.000021e+02,1.000023e+02,1.000024e+02,1.000026e+02,1.000028e+02,1.000029e+02,1.000031e+02,1.000032e+02,1.000034e+02,1.000035e+02,1.000037e+02,1.000039e+02,1.000040e+02,1.000042e+02,1.000043e+02,1.000044e+02,1.000046e+02,1.000047e+02,1.000048e+02,1.000050e+02,1.000051e+02,1.000052e+02,1.000053e+02,1.000054e+02,1.000055e+02,1.000056e+02,1.000057e+02,1.000058e+02,1.000059e+02,1.000060e+02,1.000060e+02,1.000061e+02,1.000062e+02,1.000062e+02,1.000063e+02,1.000064e+02,1.000064e+02,1.000065e+02,1.000065e+02,1.000066e+02,1.000066e+02,1.000066e+02,1.000067e+02,1.000067e+02,1.000067e+02,1.000068e+02,1.000068e+02,1.000068e+02,1.000068e+02,1.000068e+02,1.000069e+02,1.000069e+02,1.000069e+02,1.000069e+02,1.000069e+02,1.000069e+02,1.000069e+02,1.000069e+02,1.000070e+02,1.000070e+02,1.000070e+02,1.000070e+02,1.000070e+02,1.000070e+02,1.000070e+02,1.000070e+02,1.000070e+02,1.000070e+02,1.000070e+02,1.000070e+02,1.000070e+02,1.000070e+02,1.000070e+02,1.000070e+02,1.000070e+02,1.000070e+02,1.000070e+02,1.000070e+02,1.000070e+02,1.000070e+02,1.000070e+02,1.000070e+02,1.000070e+02,1.000070e+02,1.000070e+02,1.000070e+02,1.000070e+02,1.000070e+02,1.000070e+02,1.000070e+02,1.000070e+02,1.000070e+02,1.000070e+02,1.000070e+02,1.000070e+02,1.000070e+02,1.000070e+02,1.000070e+02,1.000070e+02,1.000070e+02,1.000070e+02,1.000070e+02,1.000070e+02,1.000070e+02,1.000070e+02,1.000070e+02,1.000070e+02,1.000070e+02,1.000070e+02,1.000070e+02,1.000070e+02,1.000070e+02,1.000070e+02,1.000070e+02,1.000070e+02,1.000070e+02,1.000070e+02,1.000070e+02,1.000070e+02,1.000070e+02,1.000070e+02,1.000070e+02,1.000070e+02,1.000070e+02,1.000070e+02,1.000070e+02,1.000070e+02,1.000070e+02,1.000070e+02,1.000070e+02,1.000070e+02,1.000070e+02,1.000070e+02,1.000070e+02,1.000070e+02,1.000070e+02,1.000070e+02,1.000070e+02,1.000070e+02,1.000070e+02,1.000070e+02,1.000070e+02,1.000070e+02,1.000070e+02,1.000070e+02,1.000070e+02,1.000070e+02,1.000070e+02,1.000070e+02,1.000070e+02,1.000070e+02,1.000069e+02,1.000069e+02,1.000069e+02,1.000069e+02,1.000068e+02,1.000068e+02,1.000067e+02,1.000067e+02,1.000066e+02,1.000066e+02,1.000065e+02,1.000064e+02,1.000063e+02,1.000062e+02,1.000060e+02,1.000059e+02,1.000057e+02,1.000055e+02,1.000053e+02,1.000051e+02,1.000048e+02,1.000046e+02,1.000043e+02,1.000039e+02,1.000036e+02,1.000032e+02,1.000027e+02,1.000023e+02,1.000018e+02,1.000012e+02,1.000006e+02,1.000000e+02,
0.98,1.000001e+02,1.000001e+02,1.000002e+02,1.000002e+02,1.000003e+02,1.000004e+02,1.000005e+02,1.000006e+02,1.000006e+02,1.000007e+02,1.000008e+02,1.000009e+02,1.000011e+02,1.000012e+02,1.000013e+02,1.000014e+02,1.000015e+02,1.000016e+02,1.000018e+02,1.000019e+02,1.000020e+02,1.000021e+02,1.000023e+02,1.000024e+02,1.000025e+02,1.000026e+02,1.000028e+02,1.000029e+02,1.000030e+02,1.000031e+02,1.000032e+02,1.000034e+02,1.000035e+02,1.000036e+02,1.000037e+02,1.000038e+02,1.000039e+02,1.000040e+02,1.000041e+02,1.000041e+02,1.000042e+02,1.000043e+02,1.000044e+02,1.000045e+02,1.000045e+02,1.000046e+02,1.000047e+02,1.000047e+02,1.000048e+02,1.000048e+02,1.000049e+02,1.000049e+02,1.000050e+02,1.000050e+02,1.000051e+02,1.000051e+02,1.000051e+02,1.000052e+02,1.000052e+02,1.000052e+02,1.000052e+02,1.000053e+02,1.000053e+02,1.000053e+02,1.000053e+02,1.000053e+02,1.000054e+02,1.000054e+02,1.000054e+02,1.000054e+02,1.000054e+02,1.000054e+02,1.000054e+02,1.000054e+02,1.000054e+02,1.000055e+02,1.000055e+02,1.000055e+02,1.000055e+02,1.000055e+02,1.000055e+02,1.000055e+02,1.000055e+02,1.000055e+02,1.000055e+02,1.000055e+02,1.000055e+02,1.000055e+02,1.000055e+02,1.000055e+02,1.000055e+02,1.000055e+02,1.000055e+02,1.000055e+02,1.000055e+02,1.000055e+02,1.000055e+02,1.000055e+02,1.000055e+02,1.000055e+02,1.000055e+02,1.000055e+02,1.000055e+02,1.000055e+02,1.000055e+02,1.000055e+02,1.000055e+02,1.000055e+02,1.000055e+02,1.000055e+02,1.000055e+02,1.000055e+02,1.000055e+02,1.000055e+02,1.000055e+02,1.000055e+02,1.000055e+02,1.000055e+02,1.000055e+02,1.000055e+02,1.000055e+02,1.000055e+02,1.000055e+02,1.000055e+02,1.000055e+02,1.000055e+02,1.000055e+02,1.000055e+02,1.000055e+02,1.000055e+02,1.000055e+02,1.000055e+02,1.000055e+02,1.000055e+02,1.000055e+02,1.000055e+02,1.000055e+02,1.000055e+02,1.000055e+02,1.000055e+02,1.000055e+02,1.000055e+02,1.000055e+02,1.000055e+02,1.000055e+02,1.000055e+02,1.000055e+02,1.000055e+02,1.000055e+02,1.000055e+02,1.000055e+02,1.000055e+02,1.000055e+02,1.000055e+02,1.000055e+02,1.000055e+02,1.000055e+02,1.000055e+02,1.000055e+02,1.000055e+02,1.000055e+02,1.000055e+02,1.000055e+02,1.000055e+02,1.000055e+02,1.000055e+02,1.000055e+02,1.000054e+02,1.000054e+02,1.000054e+02,1.000054e+02,1.000054e+02,1.000054e+02,1.000053e+02,1.000053e+02,1.000052e+02,1.000052e+02,1.000051e+02,1.000051e+02,1.000050e+02,1.000049e+02,1.000048e+02,1.000047e+02,1.000046e+02,1.000045e+02,1.000043e+02,1.000042e+02,1.000040e+02,1.000038e+02,1.000036e+02,1.000034e+02,1.000031e+02,1.000028e+02,1.000025e+02,1.000022e+02,1.000018e+02,1.000014e+02,1.000010e+02,1.000005e+02,1.000000e+02,
0.985,1.000000e+02,1.000001e+02,1.000001e+02,1.000002e+02,1.000002e+02,1.000003e+02,1.000003e+02,1.000004e+02,1.000005e+02,1.000005e+02,1.000006e+02,1.000007e+02,1.000008e+02,1.000009e+02,1.000009e+02,1.000010e+02,1.000011e+02,1.000012e+02,1.000013e+02,1.000014e+02,1.000015e+02,1.000016e+02,1.000017e+02,1.000018e+02,1.000019e+02,1.000020e+02,1.000020e+02,1.000021e+02,1.000022e+02,1.000023e+02,1.000024e+02,1.000025e+02,1.000026e+02,1.000026e+02,1.000027e+02,1.000028e+02,1.000029e+02,1.000029e+02,1.000030e+02,1.000031e+02,1.000031e+02,1.000032e+02,1.000033e+02,1.000033e+02,1.000034e+02,1.000034e+02,1.000035e+02,1.000035e+02,1.000036e+02,1.000036e+02,1.000036e+02,1.000037e+02,1.000037e+02,1.000037e+02,1.000038e+02,1.000038e+02,1.000038e+02,1.000038e+02,1.000039e+02,1.000039e+02,1.000039e+02,1.000039e+02,1.000039e+02,1.000040e+02,1.000040e+02,1.000040e+02,1.000040e+02,1.000040e+02,1.000040e+02,1.000040e+02,1.000040e+02,1.000040e+02,1.000040e+02,1.000040e+02,1.000041e+02,1.000041e+02,1.000041e+02,1.000041e+02,1.000041e+02,1.000041e+02,1.000041e+02,1.000041e+02,1.000041e+02,1.000041e+02,1.000041e+02,1.000041e+02,1.000041e+02,1.000041e+02,1.000041e+02,1.000041e+02,1.000041e+02,1.000041e+02,1.000041e+02,1.000041e+02,1.000041e+02,1.000041e+02,1.000041e+02,1.000041e+02,1.000041e+02,1.000041e+02,1.000041e+02,1.000041e+02,1.000041e+02,1.000041e+02,1.000041e+02,1.000041e+02,1.000041e+02,1.000041e+02,1.000041e+02,1.000041e+02,1.000041e+02,1.000041e+02,1.000041e+02,1.000041e+02,1.000041e+02,1.000041e+02,1.000041e+02,1.000041e+02,1.000041e+02,1.000041e+02,1.000041e+02,1.000041e+02,1.000041e+02,1.000041e+02,1.000041e+02,1.000041e+02,1.000041e+02,1.000041e+02,1.000041e+02,1.000041e+02,1.000041e+02,1.000041e+02,1.000041e+02,1.000041e+02,1.000041e+02,1.000041e+02,1.000041e+02,1.000041e+02,1.000041e+02,1.000041e+02,1.000041e+02,1.000041e+02,1.000041e+02,1.000041e+02,1.000041e+02,1.000041e+02,1.000041e+02,1.000041e+02,1.000041e+02,1.000041e+02,1.000041e+02,1.000041e+02,1.000041e+02,1.000041e+02,1.000041e+02,1.000041e+02,1.000041e+02,1.000041e+02,1.000041e+02,1.000041e+02,1.000041e+02,1.000041e+02,1.000041e+02,1.000041e+02,1.000041e+02,1.000041e+02,1.000041e+02,1.000041e+02,1.000040e+02,1.000040e+02,1.000040e+02,1.000040e+02,1.000040e+02,1.000040e+02,1.000039e+02,1.000039e+02,1.000039e+02,1.000038e+02,1.000038e+02,1.000037e+02,1.000037e+02,1.000036e+02,1.000035e+02,1.000034e+02,1.000033e+02,1.000032e+02,1.000031e+02,1.000030e+02,1.000028e+02,1.000027e+02,1.000025e+02,1.000023e+02,1.000021e+02,1.000019e+02,1.000016e+02,1.000013e+02,1.000010e+02,1.000007e+02,1.000004e+02,1.000000e+02,
0.99,1.000000e+02,1.000001e+02,1.000001e+02,1.000001e+02,1.000002e+02,1.000002e+02,1.000002e+02,1.000003e+02,1.000003e+02,1.000004e+02,1.000004e+02,1.000005e+02,1.000005e+02,1.000006e+02,1.000006e+02,1.000007e+02,1.000008e+02,1.000008e+02,1.000009e+02,1.000009e+02,1.000010e+02,1.000011e+02,1.000011e+02,1.000012e+02,1.000012e+02,1.000013e+02,1.000014e+02,1.000014e+02,1.000015e+02,1.000015e+02,1.000016e+02,1.000017e+02,1.000017e+02,1.000018e+02,1.000018e+02,1.000019e+02,1.000019e+02,1.000020e+02,1.000020e+02,1.000021e+02,1.000021e+02,1.000021e+02,1.000022e+02,1.000022e+02,1.000023e+02,1.000023e+02,1.000023e+02,1.000024e+02,1.000024e+02,1.000024e+02,1.000024e+02,1.000025e+02,1.000025e+02,1.000025e+02,1.000025e+02,1.000025e+02,1.000026e+02,1.000026e+02,1.000026e+02,1.000026e+02,1.000026e+02,1.000026e+02,1.000026e+02,1.000026e+02,1.000027e+02,1.000027e+02,1.000027e+02,1.000027e+02,1.000027e+02,1.000027e+02,1.000027e+02,1.000027e+02,1.000027e+02,1.000027e+02,1.000027e+02,1.000027e+02,1.000027e+02,1.000027e+02,1.000027e+02,1.000027e+02,1.000027e+02,1.000027e+02,1.000027e+02,1.000027e+02,1.000027e+02,1.000027e+02,1.000027e+02,1.000027e+02,1.000027e+02,1.000027e+02,1.000027e+02,1.000027e+02,1.000027e+02,1.000027e+02,1.000028e+02,1.000028e+02,1.000028e+02,1.000028e+02,1.000028e+02,1.000028e+02,1.000028e+02,1.000028e+02,1.000028e+02,1.000028e+02,1.000028e+02,1.000028e+02,1.000028e+02,1.000028e+02,1.000028e+02,1.000028e+02,1.000028e+02,1.000028e+02,1.000028e+02,1.000028e+02,1.000028e+02,1.000028e+02,1.000028e+02,1.000028e+02,1.000028e+02,1.000028e+02,1.000028e+02,1.000028e+02,1.000028e+02,1.000028e+02,1.000028e+02,1.000028e+02,1.000028e+02,1.000028e+02,1.000028e+02,1.000028e+02,1.000028e+02,1.000028e+02,1.000028e+02,1.000028e+02,1.000028e+02,1.000028e+02,1.000028e+02,1.000028e+02,1.000028e+02,1.000028e+02,1.000028e+02,1.000028e+02,1.000028e+02,1.000028e+02,1.000028e+02,1.000028e+02,1.000028e+02,1.000028e+02,1.000028e+02,1.000028e+02,1.000028e+02,1.000028e+02,1.000028e+02,1.000028e+02,1.000028e+02,1.000028e+02,1.000028e+02,1.000028e+02,1.000027e+02,1.000027e+02,1.000027e+02,1.000027e+02,1.000027e+02,1.000027e+02,1.000027e+02,1.000027e+02,1.000027e+02,1.000027e+02,1.000027e+02,1.000027e+02,1.000027e+02,1.000027e+02,1.000027e+02,1.000027e+02,1.000026e+02,1.000026e+02,1.000026e+02,1.000026e+02,1.000025e+02,1.000025e+02,1.000025e+02,1.000024e+02,1.000024e+02,1.000023e+02,1.000022e+02,1.000022e+02,1.000021e+02,1.000020e+02,1.000019e+02,1.000018e+02,1.000017e+02,1.000015e+02,1.000014e+02,1.000012e+02,1.000011e+02,1.000009e+02,1.000007e+02,1.000005e+02,1.000002e+02,1.000000e+02,
0.995,1.000000e+02,1.000000e+02,1.000000e+02,1.000001e+02,1.000001e+02,1.000001e+02,1.000001e+02,1.000001e+02,1.000002e+02,1.000002e+02,1.000002e+02,1.000002e+02,1.000003e+02,1.000003e+02,1.000003e+02,1.000004e+02,1.000004e+02,1.000004e+02,1.000004e+02,1.000005e+02,1.000005e+02,1.000005e+02,1.000006e+02,1.000006e+02,1.000006e+02,1.000007e+02,1.000007e+02,1.000007e+02,1.000008e+02,1.000008e+02,1.000008e+02,1.000008e+02,1.000009e+02,1.000009e+02,1.000009e+02,1.000010e+02,1.000010e+02,1.000010e+02,1.000010e+02,1.000011e+02,1.000011e+02,1.000011e+02,1.000011e+02,1.000011e+02,1.000012e+02,1.000012e+02,1.000012e+02,1.000012e+02,1.000012e+02,1.000012e+02,1.000012e+02,1.000013e+02,1.000013e+02,1.000013e+02,1.000013e+02,1.000013e+02,1.000013e+02,1.000013e+02,1.000013e+02,1.000013e+02,1.000013e+02,1.000013e+02,1.000013e+02,1.000014e+02,1.000014e+02,1.000014e+02,1.000014e+02,1.000014e+02,1.000014e+02,1.000014e+02,1.000014e+02,1.000014e+02,1.000014e+02,1.000014e+02,1.000014e+02,1.000014e+02,1.000014e+02,1.000014e+02,1.000014e+02,1.000014e+02,1.000014e+02,1.000014e+02,1.000014e+02,1.000014e+02,1.000014e+02,1.000014e+02,1.000014e+02,1.000014e+02,1.000014e+02,1.000014e+02,1.000014e+02,1.000014e+02,1.000014e+02,1.000014e+02,1.000014e+02,1.000014e+02,1.000014e+02,1.000014e+02,1.000014e+02,1.000014e+02,1.000014e+02,1.000014e+02,1.000014e+02,1.000014e+02,1.000014e+02,1.000014e+02,1.000014e+02,1.000014e+02,1.000014e+02,1.000014e+02,1.000014e+02,1.000014e+02,1.000014e+02,1.000014e+02,1.000014e+02,1.000014e+02,1.000014e+02,1.000014e+02,1.000014e+02,1.000014e+02,1.000014e+02,1.000014e+02,1.000014e+02,1.000014e+02,1.000014e+02,1.000014e+02,1.000014e+02,1.000014e+02,1.000014e+02,1.000014e+02,1.000014e+02,1.000014e+02,1.000014e+02,1.000014e+02,1.000014e+02,1.000014e+02,1.000014e+02,1.000014e+02,1.000014e+02,1.000014e+02,1.000014e+02,1.000014e+02,1.000014e+02,1.000014e+02,1.000014e+02,1.000014e+02,1.000014e+02,1.000014e+02,1.000014e+02,1.000014e+02,1.000014e+02,1.000014e+02,1.000014e+02,1.000014e+02,1.000014e+02,1.000014e+02,1.000014e+02,1.000014e+02,1.000014e+02,1.000014e+02,1.000014e+02,1.000014e+02,1.000014e+02,1.000014e+02,1.000014e+02,1.000014e+02,1.000014e+02,1.000014e+02,1.000014e+02,1.000014e+02,1.000014e+02,1.000014e+02,1.000014e+02,1.000014e+02,1.000013e+02,1.000013e+02,1.000013e+02,1.000013e+02,1.000013e+02,1.000013e+02,1.000013e+02,1.000012e+02,1.000012e+02,1.000012e+02,1.000011e+02,1.000011e+02,1.000011e+02,1.000010e+02,1.000010e+02,1.000009e+02,1.000009e+02,1.000008e+02,1.000007e+02,1.000006e+02,1.000005e+02,1.000005e+02,1.000004e+02,1.000002e+02,1.000001e+02,1.000000e+02,
1,1.000000e+02,1.000000e+02,1.000000e+02,1.000000e+02,1.000000e+02,1.000000e+02,1.000000e+02,1.000000e+02,1.000000e+02,1.000000e+02,1.000000e+02,1.000000e+02,1.000000e+02,1.000000e+02,1.000000e+02,1.000000e+02,1.000000e+02,1.000000e+02,1.000000e+02,1.000000e+02,1.000000e+02,1.000000e+02,1.000000e+02,1.000000e+02,1.000000e+02,1.000000e+02,1.000000e+02,1.000000e+02,1.000000e+02,1.000000e+02,1.000000e+02,1.000000e+02,1.000000e+02,1.000000e+02,1.000000e+02,1.000000e+02,1.000000e+02,1.000000e+02,1.000000e+02,1.000000e+02,1.000000e+02,1.000000e+02,1.000000e+02,1.000000e+02,1.000000e+02,1.000000e+02,1.000000e+02,1.000000e+02,1.000000e+02,1.000000e+02,1.000000e+02,1.000000e+02,1.000000e+02,1.000000e+02,1.000000e+02,1.000000e+02,1.000000e+02,1.000000e+02,1.000000e+02,1.000000e+02,1.000000e+02,1.000000e+02,1.000000e+02,1.000000e+02,1.000000e+02,1.000000e+02,1.000000e+02,1.000000e+02,1.000000e+02,1.000000e+02,1.000000e+02,1.000000e+02,1.000000e+02,1.000000e+02,1.000000e+02,1.000000e+02,1.000000e+02,1.000000e+02,1.000000e+02,1.000000e+02,1.000000e+02,1.000000e+02,1.000000e+02,1.000000e+02,1.000000e+02,1.000000e+02,1.000000e+02,1.000000e+02,1.000000e+02,1.000000e+02,1.000000e+02,1.000000e+02,1.000000e+02,1.000000e+02,1.000000e+02,1.000000e+02,1.000000e+02,1.000000e+02,1.000000e+02,1.000000e+02,1.000000e+02,1.000000e+02,1.000000e+02,1.000000e+02,1.000000e+02,1.000000e+02,1.000000e+02,1.000000e+02,1.000000e+02,1.000000e+02,1.000000e+02,1.000000e+02,1.000000e+02,1.000000e+02,1.000000e+02,1.000000e+02,1.000000e+02,1.000000e+02,1.000000e+02,1.000000e+02,1.000000e+02,1.000000e+02,1.000000e+02,1.000000e+02,1.000000e+02,1.000000e+02,1.000000e+02,1.000000e+02,1.000000e+02,1.000000e+02,1.000000e+02,1.000000e+02,1.000000e+02,1.000000e+02,1.000000e+02,1.000000e+02,1.000000e+02,1.000000e+02,1.000000e+02,1.000000e+02,1.000000e+02,1.000000e+02,1.000000e+02,1.000000e+02,1.000000e+02,1.000000e+02,1.000000e+02,1.000000e+02,1.000000e+02,1.000000e+02,1.000000e+02,1.000000e+02,1.000000e+02,1.000000e+02,1.000000e+02,1.000000e+02,1.000000e+02,1.000000e+02,1.000000e+02,1.000000e+02,1.000000e+02,1.000000e+02,1.000000e+02,1.000000e+02,1.000000e+02,1.000000e+02,1.000000e+02,1.000000e+02,1.000000e+02,1.000000e+02,1.000000e+02,1.000000e+02,1.000000e+02,1.000000e+02,1.000000e+02,1.000000e+02,1.000000e+02,1.000000e+02,1.000000e+02,1.000000e+02,1.000000e+02,1.000000e+02,1.000000e+02,1.000000e+02,1.000000e+02,1.000000e+02,1.000000e+02,1.000000e+02,1.000000e+02,1.000000e+02,1.000000e+02,1.000000e+02,1.000000e+02,1.000000e+02,1.000000e+02,1.000000e+02,1.000000e+02,1.000000e+02,1.000000e+02,0.000000e+00,
